59
0 hz_1_2 9
0 y_1_2 11
0 hz_1_2 12
0 hz_1_2 17
0 x_1_2 18
0 y_1_2 19
0 x_1_2 20
0 hz_1_2 21
0 y_1_2 25
0 hz_1_2 26
0 hz_1_2 27
0 y_1_2 28
0 hz_1_2 29
0 hz_1_2 31
0 y_1_2 32
0 x_1_2 33
0 hz_1_2 34
0 hz_1_2 35
0 y_1_2 36
0 hz_1_2 37
0 hz_1_2 38
0 x_1_2 39
0 hz_1_2 40
0 x_1_2 41
0 y_1_2 42
0 x_1_2 43
0 hz_1_2 44
0 x_1_2 45
0 x_1_2 46
0 hz_1_2 47
0 x_1_2 48
0 y_1_2 50
0 y_1_2 51
0 hz_1_2 53
0 hz_1_2 54
0 x_1_2 55
0 y_1_2 56
0 y_1_2 57
0 hz_1_2 58
0 hz_1_2 59
0 hz_1_2 61
0 y_1_2 62
0 x_1_2 63
0 y_1_2 64
0 x_1_2 65
0 x_1_2 66
0 x_1_2 67
0 y_1_2 69
0 hz_1_2 70
0 y_1_2 71
0 x_1_2 72
0 hz_1_2 74
0 hz_1_2 77
0 hz_1_2 78
0 hz_1_2 79
0 x_1_2 81
0 y_1_2 85
0 x_1_2 86
0 y_1_2 88
1 fsimplus(1.5707963267948966, 0.5235987755982988, 0, 0, 0) 11 18
1 fsimplus(1.5707963267948966, 0.5235987755982988, 0, 0, 0) 19 26
1 fsimplus(1.5707963267948966, 0.5235987755982988, 0, 0, 0) 25 32
1 fsimplus(1.5707963267948966, 0.5235987755982988, 0, 0, 0) 27 34
1 fsimplus(1.5707963267948966, 0.5235987755982988, 0, 0, 0) 28 35
1 fsimplus(1.5707963267948966, 0.5235987755982988, 0, 0, 0) 33 40
1 fsimplus(1.5707963267948966, 0.5235987755982988, 0, 0, 0) 36 43
1 fsimplus(1.5707963267948966, 0.5235987755982988, 0, 0, 0) 38 45
1 fsimplus(1.5707963267948966, 0.5235987755982988, 0, 0, 0) 39 46
1 fsimplus(1.5707963267948966, 0.5235987755982988, 0, 0, 0) 41 48
1 fsimplus(1.5707963267948966, 0.5235987755982988, 0, 0, 0) 44 51
1 fsimplus(1.5707963267948966, 0.5235987755982988, 0, 0, 0) 47 54
1 fsimplus(1.5707963267948966, 0.5235987755982988, 0, 0, 0) 50 57
1 fsimplus(1.5707963267948966, 0.5235987755982988, 0, 0, 0) 55 62
1 fsimplus(1.5707963267948966, 0.5235987755982988, 0, 0, 0) 56 63
1 fsimplus(1.5707963267948966, 0.5235987755982988, 0, 0, 0) 58 65
1 fsimplus(1.5707963267948966, 0.5235987755982988, 0, 0, 0) 59 66
1 fsimplus(1.5707963267948966, 0.5235987755982988, 0, 0, 0) 64 71
1 fsimplus(1.5707963267948966, 0.5235987755982988, 0, 0, 0) 67 74
1 fsimplus(1.5707963267948966, 0.5235987755982988, 0, 0, 0) 70 77
1 fsimplus(1.5707963267948966, 0.5235987755982988, 0, 0, 0) 72 79
1 fsimplus(1.5707963267948966, 0.5235987755982988, 0, 0, 0) 78 85
1 fsimplus(1.5707963267948966, 0.5235987755982988, 0, 0, 0) 81 88
2 x_1_2 9
2 hz_1_2 11
2 x_1_2 12
2 y_1_2 17
2 y_1_2 18
2 hz_1_2 19
2 hz_1_2 20
2 x_1_2 21
2 x_1_2 25
2 x_1_2 26
2 y_1_2 27
2 hz_1_2 28
2 x_1_2 29
2 y_1_2 31
2 hz_1_2 32
2 hz_1_2 33
2 x_1_2 34
2 y_1_2 35
2 hz_1_2 36
2 x_1_2 37
2 y_1_2 38
2 y_1_2 39
2 x_1_2 40
2 hz_1_2 41
2 x_1_2 42
2 hz_1_2 43
2 x_1_2 44
2 hz_1_2 45
2 hz_1_2 46
2 x_1_2 47
2 y_1_2 48
2 hz_1_2 50
2 x_1_2 51
2 x_1_2 53
2 x_1_2 54
2 y_1_2 55
2 hz_1_2 56
2 hz_1_2 57
2 y_1_2 58
2 x_1_2 59
2 x_1_2 61
2 x_1_2 62
2 y_1_2 63
2 x_1_2 64
2 y_1_2 65
2 hz_1_2 66
2 y_1_2 67
2 x_1_2 69
2 y_1_2 70
2 hz_1_2 71
2 hz_1_2 72
2 x_1_2 74
2 x_1_2 77
2 y_1_2 78
2 y_1_2 79
2 y_1_2 81
2 hz_1_2 85
2 hz_1_2 86
2 hz_1_2 88
3 fsimplus(1.5707963267948966, 0.5235987755982988, 0, 0, 0) 12 19
3 fsimplus(1.5707963267948966, 0.5235987755982988, 0, 0, 0) 18 25
3 fsimplus(1.5707963267948966, 0.5235987755982988, 0, 0, 0) 20 27
3 fsimplus(1.5707963267948966, 0.5235987755982988, 0, 0, 0) 21 28
3 fsimplus(1.5707963267948966, 0.5235987755982988, 0, 0, 0) 26 33
3 fsimplus(1.5707963267948966, 0.5235987755982988, 0, 0, 0) 29 36
3 fsimplus(1.5707963267948966, 0.5235987755982988, 0, 0, 0) 31 38
3 fsimplus(1.5707963267948966, 0.5235987755982988, 0, 0, 0) 32 39
3 fsimplus(1.5707963267948966, 0.5235987755982988, 0, 0, 0) 34 41
3 fsimplus(1.5707963267948966, 0.5235987755982988, 0, 0, 0) 35 42
3 fsimplus(1.5707963267948966, 0.5235987755982988, 0, 0, 0) 37 44
3 fsimplus(1.5707963267948966, 0.5235987755982988, 0, 0, 0) 40 47
3 fsimplus(1.5707963267948966, 0.5235987755982988, 0, 0, 0) 43 50
3 fsimplus(1.5707963267948966, 0.5235987755982988, 0, 0, 0) 46 53
3 fsimplus(1.5707963267948966, 0.5235987755982988, 0, 0, 0) 48 55
3 fsimplus(1.5707963267948966, 0.5235987755982988, 0, 0, 0) 51 58
3 fsimplus(1.5707963267948966, 0.5235987755982988, 0, 0, 0) 54 61
3 fsimplus(1.5707963267948966, 0.5235987755982988, 0, 0, 0) 57 64
3 fsimplus(1.5707963267948966, 0.5235987755982988, 0, 0, 0) 62 69
3 fsimplus(1.5707963267948966, 0.5235987755982988, 0, 0, 0) 63 70
3 fsimplus(1.5707963267948966, 0.5235987755982988, 0, 0, 0) 65 72
3 fsimplus(1.5707963267948966, 0.5235987755982988, 0, 0, 0) 71 78
3 fsimplus(1.5707963267948966, 0.5235987755982988, 0, 0, 0) 74 81
3 fsimplus(1.5707963267948966, 0.5235987755982988, 0, 0, 0) 79 86
4 hz_1_2 9
4 y_1_2 11
4 hz_1_2 12
4 x_1_2 17
4 x_1_2 18
4 x_1_2 19
4 x_1_2 20
4 y_1_2 21
4 y_1_2 25
4 hz_1_2 26
4 x_1_2 27
4 x_1_2 28
4 y_1_2 29
4 hz_1_2 31
4 y_1_2 32
4 x_1_2 33
4 y_1_2 34
4 x_1_2 35
4 x_1_2 36
4 y_1_2 37
4 x_1_2 38
4 hz_1_2 39
4 hz_1_2 40
4 y_1_2 41
4 hz_1_2 42
4 x_1_2 43
4 hz_1_2 44
4 y_1_2 45
4 x_1_2 46
4 y_1_2 47
4 x_1_2 48
4 y_1_2 50
4 y_1_2 51
4 y_1_2 53
4 y_1_2 54
4 hz_1_2 55
4 x_1_2 56
4 x_1_2 57
4 x_1_2 58
4 y_1_2 59
4 hz_1_2 61
4 y_1_2 62
4 x_1_2 63
4 y_1_2 64
4 x_1_2 65
4 y_1_2 66
4 hz_1_2 67
4 hz_1_2 69
4 x_1_2 70
4 y_1_2 71
4 x_1_2 72
4 y_1_2 74
4 y_1_2 77
4 hz_1_2 78
4 hz_1_2 79
4 hz_1_2 81
4 x_1_2 85
4 y_1_2 86
4 x_1_2 88
5 fsimplus(1.5707963267948966, 0.5235987755982988, 0, 0, 0) 17 25
5 fsimplus(1.5707963267948966, 0.5235987755982988, 0, 0, 0) 18 26
5 fsimplus(1.5707963267948966, 0.5235987755982988, 0, 0, 0) 19 27
5 fsimplus(1.5707963267948966, 0.5235987755982988, 0, 0, 0) 20 28
5 fsimplus(1.5707963267948966, 0.5235987755982988, 0, 0, 0) 21 29
5 fsimplus(1.5707963267948966, 0.5235987755982988, 0, 0, 0) 32 40
5 fsimplus(1.5707963267948966, 0.5235987755982988, 0, 0, 0) 33 41
5 fsimplus(1.5707963267948966, 0.5235987755982988, 0, 0, 0) 34 42
5 fsimplus(1.5707963267948966, 0.5235987755982988, 0, 0, 0) 35 43
5 fsimplus(1.5707963267948966, 0.5235987755982988, 0, 0, 0) 36 44
5 fsimplus(1.5707963267948966, 0.5235987755982988, 0, 0, 0) 45 53
5 fsimplus(1.5707963267948966, 0.5235987755982988, 0, 0, 0) 46 54
5 fsimplus(1.5707963267948966, 0.5235987755982988, 0, 0, 0) 48 56
5 fsimplus(1.5707963267948966, 0.5235987755982988, 0, 0, 0) 50 58
5 fsimplus(1.5707963267948966, 0.5235987755982988, 0, 0, 0) 51 59
5 fsimplus(1.5707963267948966, 0.5235987755982988, 0, 0, 0) 55 63
5 fsimplus(1.5707963267948966, 0.5235987755982988, 0, 0, 0) 61 69
5 fsimplus(1.5707963267948966, 0.5235987755982988, 0, 0, 0) 62 70
5 fsimplus(1.5707963267948966, 0.5235987755982988, 0, 0, 0) 64 72
5 fsimplus(1.5707963267948966, 0.5235987755982988, 0, 0, 0) 66 74
5 fsimplus(1.5707963267948966, 0.5235987755982988, 0, 0, 0) 71 79
5 fsimplus(1.5707963267948966, 0.5235987755982988, 0, 0, 0) 77 85
5 fsimplus(1.5707963267948966, 0.5235987755982988, 0, 0, 0) 78 86
6 y_1_2 9
6 hz_1_2 11
6 y_1_2 12
6 hz_1_2 17
6 hz_1_2 18
6 y_1_2 19
6 hz_1_2 20
6 x_1_2 21
6 hz_1_2 25
6 x_1_2 26
6 y_1_2 27
6 y_1_2 28
6 x_1_2 29
6 y_1_2 31
6 hz_1_2 32
6 hz_1_2 33
6 x_1_2 34
6 hz_1_2 35
6 y_1_2 36
6 hz_1_2 37
6 y_1_2 38
6 y_1_2 39
6 y_1_2 40
6 hz_1_2 41
6 y_1_2 42
6 hz_1_2 43
6 x_1_2 44
6 x_1_2 45
6 hz_1_2 46
6 hz_1_2 47
6 y_1_2 48
6 hz_1_2 50
6 hz_1_2 51
6 x_1_2 53
6 hz_1_2 54
6 y_1_2 55
6 y_1_2 56
6 y_1_2 57
6 hz_1_2 58
6 hz_1_2 59
6 y_1_2 61
6 x_1_2 62
6 y_1_2 63
6 x_1_2 64
6 hz_1_2 65
6 x_1_2 66
6 x_1_2 67
6 y_1_2 69
6 y_1_2 70
6 x_1_2 71
6 y_1_2 72
6 hz_1_2 74
6 hz_1_2 77
6 y_1_2 78
6 y_1_2 79
6 y_1_2 81
6 y_1_2 85
6 x_1_2 86
6 hz_1_2 88
7 fsimplus(1.5707963267948966, 0.5235987755982988, 0, 0, 0) 9 17
7 fsimplus(1.5707963267948966, 0.5235987755982988, 0, 0, 0) 11 19
7 fsimplus(1.5707963267948966, 0.5235987755982988, 0, 0, 0) 12 20
7 fsimplus(1.5707963267948966, 0.5235987755982988, 0, 0, 0) 25 33
7 fsimplus(1.5707963267948966, 0.5235987755982988, 0, 0, 0) 26 34
7 fsimplus(1.5707963267948966, 0.5235987755982988, 0, 0, 0) 27 35
7 fsimplus(1.5707963267948966, 0.5235987755982988, 0, 0, 0) 28 36
7 fsimplus(1.5707963267948966, 0.5235987755982988, 0, 0, 0) 29 37
7 fsimplus(1.5707963267948966, 0.5235987755982988, 0, 0, 0) 38 46
7 fsimplus(1.5707963267948966, 0.5235987755982988, 0, 0, 0) 40 48
7 fsimplus(1.5707963267948966, 0.5235987755982988, 0, 0, 0) 42 50
7 fsimplus(1.5707963267948966, 0.5235987755982988, 0, 0, 0) 43 51
7 fsimplus(1.5707963267948966, 0.5235987755982988, 0, 0, 0) 47 55
7 fsimplus(1.5707963267948966, 0.5235987755982988, 0, 0, 0) 53 61
7 fsimplus(1.5707963267948966, 0.5235987755982988, 0, 0, 0) 54 62
7 fsimplus(1.5707963267948966, 0.5235987755982988, 0, 0, 0) 56 64
7 fsimplus(1.5707963267948966, 0.5235987755982988, 0, 0, 0) 57 65
7 fsimplus(1.5707963267948966, 0.5235987755982988, 0, 0, 0) 58 66
7 fsimplus(1.5707963267948966, 0.5235987755982988, 0, 0, 0) 59 67
7 fsimplus(1.5707963267948966, 0.5235987755982988, 0, 0, 0) 63 71
7 fsimplus(1.5707963267948966, 0.5235987755982988, 0, 0, 0) 69 77
7 fsimplus(1.5707963267948966, 0.5235987755982988, 0, 0, 0) 70 78
8 x_1_2 9
8 x_1_2 11
8 hz_1_2 12
8 y_1_2 17
8 y_1_2 18
8 hz_1_2 19
8 x_1_2 20
8 hz_1_2 21
8 x_1_2 25
8 y_1_2 26
8 hz_1_2 27
8 hz_1_2 28
8 y_1_2 29
8 x_1_2 31
8 x_1_2 32
8 x_1_2 33
8 y_1_2 34
8 x_1_2 35
8 x_1_2 36
8 x_1_2 37
8 x_1_2 38
8 x_1_2 39
8 x_1_2 40
8 x_1_2 41
8 hz_1_2 42
8 x_1_2 43
8 y_1_2 44
8 y_1_2 45
8 x_1_2 46
8 y_1_2 47
8 x_1_2 48
8 x_1_2 50
8 x_1_2 51
8 hz_1_2 53
8 x_1_2 54
8 x_1_2 55
8 hz_1_2 56
8 hz_1_2 57
8 x_1_2 58
8 y_1_2 59
8 x_1_2 61
8 y_1_2 62
8 hz_1_2 63
8 hz_1_2 64
8 y_1_2 65
8 y_1_2 66
8 hz_1_2 67
8 hz_1_2 69
8 hz_1_2 70
8 hz_1_2 71
8 x_1_2 72
8 y_1_2 74
8 x_1_2 77
8 x_1_2 78
8 hz_1_2 79
8 hz_1_2 81
8 hz_1_2 85
8 y_1_2 86
8 x_1_2 88
9 fsimplus(1.5707963267948966, 0.5235987755982988, 0, 0, 0) 17 25
9 fsimplus(1.5707963267948966, 0.5235987755982988, 0, 0, 0) 18 26
9 fsimplus(1.5707963267948966, 0.5235987755982988, 0, 0, 0) 19 27
9 fsimplus(1.5707963267948966, 0.5235987755982988, 0, 0, 0) 20 28
9 fsimplus(1.5707963267948966, 0.5235987755982988, 0, 0, 0) 21 29
9 fsimplus(1.5707963267948966, 0.5235987755982988, 0, 0, 0) 32 40
9 fsimplus(1.5707963267948966, 0.5235987755982988, 0, 0, 0) 33 41
9 fsimplus(1.5707963267948966, 0.5235987755982988, 0, 0, 0) 34 42
9 fsimplus(1.5707963267948966, 0.5235987755982988, 0, 0, 0) 35 43
9 fsimplus(1.5707963267948966, 0.5235987755982988, 0, 0, 0) 36 44
9 fsimplus(1.5707963267948966, 0.5235987755982988, 0, 0, 0) 45 53
9 fsimplus(1.5707963267948966, 0.5235987755982988, 0, 0, 0) 46 54
9 fsimplus(1.5707963267948966, 0.5235987755982988, 0, 0, 0) 48 56
9 fsimplus(1.5707963267948966, 0.5235987755982988, 0, 0, 0) 50 58
9 fsimplus(1.5707963267948966, 0.5235987755982988, 0, 0, 0) 51 59
9 fsimplus(1.5707963267948966, 0.5235987755982988, 0, 0, 0) 55 63
9 fsimplus(1.5707963267948966, 0.5235987755982988, 0, 0, 0) 61 69
9 fsimplus(1.5707963267948966, 0.5235987755982988, 0, 0, 0) 62 70
9 fsimplus(1.5707963267948966, 0.5235987755982988, 0, 0, 0) 64 72
9 fsimplus(1.5707963267948966, 0.5235987755982988, 0, 0, 0) 66 74
9 fsimplus(1.5707963267948966, 0.5235987755982988, 0, 0, 0) 71 79
9 fsimplus(1.5707963267948966, 0.5235987755982988, 0, 0, 0) 77 85
9 fsimplus(1.5707963267948966, 0.5235987755982988, 0, 0, 0) 78 86
10 hz_1_2 9
10 y_1_2 11
10 x_1_2 12
10 x_1_2 17
10 x_1_2 18
10 y_1_2 19
10 y_1_2 20
10 x_1_2 21
10 y_1_2 25
10 hz_1_2 26
10 y_1_2 27
10 x_1_2 28
10 hz_1_2 29
10 hz_1_2 31
10 hz_1_2 32
10 y_1_2 33
10 hz_1_2 34
10 y_1_2 35
10 hz_1_2 36
10 y_1_2 37
10 hz_1_2 38
10 y_1_2 39
10 y_1_2 40
10 hz_1_2 41
10 x_1_2 42
10 hz_1_2 43
10 hz_1_2 44
10 hz_1_2 45
10 hz_1_2 46
10 hz_1_2 47
10 y_1_2 48
10 hz_1_2 50
10 hz_1_2 51
10 y_1_2 53
10 y_1_2 54
10 y_1_2 55
10 y_1_2 56
10 x_1_2 57
10 hz_1_2 58
10 x_1_2 59
10 y_1_2 61
10 x_1_2 62
10 y_1_2 63
10 x_1_2 64
10 hz_1_2 65
10 x_1_2 66
10 x_1_2 67
10 y_1_2 69
10 y_1_2 70
10 x_1_2 71
10 y_1_2 72
10 hz_1_2 74
10 y_1_2 77
10 y_1_2 78
10 y_1_2 79
10 y_1_2 81
10 x_1_2 85
10 hz_1_2 86
10 hz_1_2 88
11 fsimplus(1.5707963267948966, 0.5235987755982988, 0, 0, 0) 9 17
11 fsimplus(1.5707963267948966, 0.5235987755982988, 0, 0, 0) 11 19
11 fsimplus(1.5707963267948966, 0.5235987755982988, 0, 0, 0) 12 20
11 fsimplus(1.5707963267948966, 0.5235987755982988, 0, 0, 0) 25 33
11 fsimplus(1.5707963267948966, 0.5235987755982988, 0, 0, 0) 26 34
11 fsimplus(1.5707963267948966, 0.5235987755982988, 0, 0, 0) 27 35
11 fsimplus(1.5707963267948966, 0.5235987755982988, 0, 0, 0) 28 36
11 fsimplus(1.5707963267948966, 0.5235987755982988, 0, 0, 0) 29 37
11 fsimplus(1.5707963267948966, 0.5235987755982988, 0, 0, 0) 38 46
11 fsimplus(1.5707963267948966, 0.5235987755982988, 0, 0, 0) 40 48
11 fsimplus(1.5707963267948966, 0.5235987755982988, 0, 0, 0) 42 50
11 fsimplus(1.5707963267948966, 0.5235987755982988, 0, 0, 0) 43 51
11 fsimplus(1.5707963267948966, 0.5235987755982988, 0, 0, 0) 47 55
11 fsimplus(1.5707963267948966, 0.5235987755982988, 0, 0, 0) 53 61
11 fsimplus(1.5707963267948966, 0.5235987755982988, 0, 0, 0) 54 62
11 fsimplus(1.5707963267948966, 0.5235987755982988, 0, 0, 0) 56 64
11 fsimplus(1.5707963267948966, 0.5235987755982988, 0, 0, 0) 57 65
11 fsimplus(1.5707963267948966, 0.5235987755982988, 0, 0, 0) 58 66
11 fsimplus(1.5707963267948966, 0.5235987755982988, 0, 0, 0) 59 67
11 fsimplus(1.5707963267948966, 0.5235987755982988, 0, 0, 0) 63 71
11 fsimplus(1.5707963267948966, 0.5235987755982988, 0, 0, 0) 69 77
11 fsimplus(1.5707963267948966, 0.5235987755982988, 0, 0, 0) 70 78
12 x_1_2 9
12 hz_1_2 11
12 hz_1_2 12
12 hz_1_2 17
12 hz_1_2 18
12 x_1_2 19
12 x_1_2 20
12 hz_1_2 21
12 x_1_2 25
12 x_1_2 26
12 hz_1_2 27
12 hz_1_2 28
12 x_1_2 29
12 y_1_2 31
12 x_1_2 32
12 hz_1_2 33
12 x_1_2 34
12 hz_1_2 35
12 y_1_2 36
12 x_1_2 37
12 y_1_2 38
12 x_1_2 39
12 hz_1_2 40
12 x_1_2 41
12 y_1_2 42
12 x_1_2 43
12 x_1_2 44
12 y_1_2 45
12 x_1_2 46
12 y_1_2 47
12 hz_1_2 48
12 x_1_2 50
12 y_1_2 51
12 hz_1_2 53
12 x_1_2 54
12 x_1_2 55
12 x_1_2 56
12 y_1_2 57
12 y_1_2 58
12 hz_1_2 59
12 x_1_2 61
12 hz_1_2 62
12 hz_1_2 63
12 hz_1_2 64
12 x_1_2 65
12 y_1_2 66
12 hz_1_2 67
12 x_1_2 69
12 x_1_2 70
12 y_1_2 71
12 hz_1_2 72
12 y_1_2 74
12 hz_1_2 77
12 hz_1_2 78
12 hz_1_2 79
12 x_1_2 81
12 y_1_2 85
12 y_1_2 86
12 y_1_2 88
13 fsimplus(1.5707963267948966, 0.5235987755982988, 0, 0, 0) 11 18
13 fsimplus(1.5707963267948966, 0.5235987755982988, 0, 0, 0) 19 26
13 fsimplus(1.5707963267948966, 0.5235987755982988, 0, 0, 0) 25 32
13 fsimplus(1.5707963267948966, 0.5235987755982988, 0, 0, 0) 27 34
13 fsimplus(1.5707963267948966, 0.5235987755982988, 0, 0, 0) 28 35
13 fsimplus(1.5707963267948966, 0.5235987755982988, 0, 0, 0) 33 40
13 fsimplus(1.5707963267948966, 0.5235987755982988, 0, 0, 0) 36 43
13 fsimplus(1.5707963267948966, 0.5235987755982988, 0, 0, 0) 38 45
13 fsimplus(1.5707963267948966, 0.5235987755982988, 0, 0, 0) 39 46
13 fsimplus(1.5707963267948966, 0.5235987755982988, 0, 0, 0) 41 48
13 fsimplus(1.5707963267948966, 0.5235987755982988, 0, 0, 0) 44 51
13 fsimplus(1.5707963267948966, 0.5235987755982988, 0, 0, 0) 47 54
13 fsimplus(1.5707963267948966, 0.5235987755982988, 0, 0, 0) 50 57
13 fsimplus(1.5707963267948966, 0.5235987755982988, 0, 0, 0) 55 62
13 fsimplus(1.5707963267948966, 0.5235987755982988, 0, 0, 0) 56 63
13 fsimplus(1.5707963267948966, 0.5235987755982988, 0, 0, 0) 58 65
13 fsimplus(1.5707963267948966, 0.5235987755982988, 0, 0, 0) 59 66
13 fsimplus(1.5707963267948966, 0.5235987755982988, 0, 0, 0) 64 71
13 fsimplus(1.5707963267948966, 0.5235987755982988, 0, 0, 0) 67 74
13 fsimplus(1.5707963267948966, 0.5235987755982988, 0, 0, 0) 70 77
13 fsimplus(1.5707963267948966, 0.5235987755982988, 0, 0, 0) 72 79
13 fsimplus(1.5707963267948966, 0.5235987755982988, 0, 0, 0) 78 85
13 fsimplus(1.5707963267948966, 0.5235987755982988, 0, 0, 0) 81 88
14 y_1_2 9
14 x_1_2 11
14 x_1_2 12
14 y_1_2 17
14 y_1_2 18
14 hz_1_2 19
14 y_1_2 20
14 x_1_2 21
14 y_1_2 25
14 hz_1_2 26
14 x_1_2 27
14 x_1_2 28
14 hz_1_2 29
14 hz_1_2 31
14 y_1_2 32
14 y_1_2 33
14 hz_1_2 34
14 x_1_2 35
14 x_1_2 36
14 hz_1_2 37
14 x_1_2 38
14 y_1_2 39
14 x_1_2 40
14 y_1_2 41
14 x_1_2 42
14 y_1_2 43
14 y_1_2 44
14 x_1_2 45
14 y_1_2 46
14 hz_1_2 47
14 x_1_2 48
14 y_1_2 50
14 hz_1_2 51
14 y_1_2 53
14 y_1_2 54
14 hz_1_2 55
14 hz_1_2 56
14 hz_1_2 57
14 hz_1_2 58
14 y_1_2 59
14 y_1_2 61
14 x_1_2 62
14 x_1_2 63
14 x_1_2 64
14 y_1_2 65
14 x_1_2 66
14 y_1_2 67
14 y_1_2 69
14 hz_1_2 70
14 x_1_2 71
14 x_1_2 72
14 x_1_2 74
14 x_1_2 77
14 y_1_2 78
14 y_1_2 79
14 y_1_2 81
14 hz_1_2 85
14 hz_1_2 86
14 hz_1_2 88
15 fsimplus(1.5707963267948966, 0.5235987755982988, 0, 0, 0) 12 19
15 fsimplus(1.5707963267948966, 0.5235987755982988, 0, 0, 0) 18 25
15 fsimplus(1.5707963267948966, 0.5235987755982988, 0, 0, 0) 20 27
15 fsimplus(1.5707963267948966, 0.5235987755982988, 0, 0, 0) 21 28
15 fsimplus(1.5707963267948966, 0.5235987755982988, 0, 0, 0) 26 33
15 fsimplus(1.5707963267948966, 0.5235987755982988, 0, 0, 0) 29 36
15 fsimplus(1.5707963267948966, 0.5235987755982988, 0, 0, 0) 31 38
15 fsimplus(1.5707963267948966, 0.5235987755982988, 0, 0, 0) 32 39
15 fsimplus(1.5707963267948966, 0.5235987755982988, 0, 0, 0) 34 41
15 fsimplus(1.5707963267948966, 0.5235987755982988, 0, 0, 0) 35 42
15 fsimplus(1.5707963267948966, 0.5235987755982988, 0, 0, 0) 37 44
15 fsimplus(1.5707963267948966, 0.5235987755982988, 0, 0, 0) 40 47
15 fsimplus(1.5707963267948966, 0.5235987755982988, 0, 0, 0) 43 50
15 fsimplus(1.5707963267948966, 0.5235987755982988, 0, 0, 0) 46 53
15 fsimplus(1.5707963267948966, 0.5235987755982988, 0, 0, 0) 48 55
15 fsimplus(1.5707963267948966, 0.5235987755982988, 0, 0, 0) 51 58
15 fsimplus(1.5707963267948966, 0.5235987755982988, 0, 0, 0) 54 61
15 fsimplus(1.5707963267948966, 0.5235987755982988, 0, 0, 0) 57 64
15 fsimplus(1.5707963267948966, 0.5235987755982988, 0, 0, 0) 62 69
15 fsimplus(1.5707963267948966, 0.5235987755982988, 0, 0, 0) 63 70
15 fsimplus(1.5707963267948966, 0.5235987755982988, 0, 0, 0) 65 72
15 fsimplus(1.5707963267948966, 0.5235987755982988, 0, 0, 0) 71 78
15 fsimplus(1.5707963267948966, 0.5235987755982988, 0, 0, 0) 74 81
15 fsimplus(1.5707963267948966, 0.5235987755982988, 0, 0, 0) 79 86
16 x_1_2 9
16 hz_1_2 11
16 hz_1_2 12
16 x_1_2 17
16 hz_1_2 18
16 y_1_2 19
16 x_1_2 20
16 y_1_2 21
16 hz_1_2 25
16 x_1_2 26
16 hz_1_2 27
16 y_1_2 28
16 y_1_2 29
16 y_1_2 31
16 hz_1_2 32
16 x_1_2 33
16 y_1_2 34
16 y_1_2 35
16 y_1_2 36
16 y_1_2 37
16 y_1_2 38
16 hz_1_2 39
16 y_1_2 40
16 hz_1_2 41
16 hz_1_2 42
16 x_1_2 43
16 hz_1_2 44
16 hz_1_2 45
16 x_1_2 46
16 y_1_2 47
16 hz_1_2 48
16 hz_1_2 50
16 y_1_2 51
16 hz_1_2 53
16 x_1_2 54
16 x_1_2 55
16 x_1_2 56
16 y_1_2 57
16 x_1_2 58
16 hz_1_2 59
16 x_1_2 61
16 hz_1_2 62
16 y_1_2 63
16 hz_1_2 64
16 hz_1_2 65
16 y_1_2 66
16 hz_1_2 67
16 hz_1_2 69
16 x_1_2 70
16 hz_1_2 71
16 y_1_2 72
16 y_1_2 74
16 hz_1_2 77
16 x_1_2 78
16 x_1_2 79
16 hz_1_2 81
16 x_1_2 85
16 y_1_2 86
16 x_1_2 88
17 fsimplus(1.5707963267948966, 0.5235987755982988, 0, 0, 0) 11 18
17 fsimplus(1.5707963267948966, 0.5235987755982988, 0, 0, 0) 19 26
17 fsimplus(1.5707963267948966, 0.5235987755982988, 0, 0, 0) 25 32
17 fsimplus(1.5707963267948966, 0.5235987755982988, 0, 0, 0) 27 34
17 fsimplus(1.5707963267948966, 0.5235987755982988, 0, 0, 0) 28 35
17 fsimplus(1.5707963267948966, 0.5235987755982988, 0, 0, 0) 33 40
17 fsimplus(1.5707963267948966, 0.5235987755982988, 0, 0, 0) 36 43
17 fsimplus(1.5707963267948966, 0.5235987755982988, 0, 0, 0) 38 45
17 fsimplus(1.5707963267948966, 0.5235987755982988, 0, 0, 0) 39 46
17 fsimplus(1.5707963267948966, 0.5235987755982988, 0, 0, 0) 41 48
17 fsimplus(1.5707963267948966, 0.5235987755982988, 0, 0, 0) 44 51
17 fsimplus(1.5707963267948966, 0.5235987755982988, 0, 0, 0) 47 54
17 fsimplus(1.5707963267948966, 0.5235987755982988, 0, 0, 0) 50 57
17 fsimplus(1.5707963267948966, 0.5235987755982988, 0, 0, 0) 55 62
17 fsimplus(1.5707963267948966, 0.5235987755982988, 0, 0, 0) 56 63
17 fsimplus(1.5707963267948966, 0.5235987755982988, 0, 0, 0) 58 65
17 fsimplus(1.5707963267948966, 0.5235987755982988, 0, 0, 0) 59 66
17 fsimplus(1.5707963267948966, 0.5235987755982988, 0, 0, 0) 64 71
17 fsimplus(1.5707963267948966, 0.5235987755982988, 0, 0, 0) 67 74
17 fsimplus(1.5707963267948966, 0.5235987755982988, 0, 0, 0) 70 77
17 fsimplus(1.5707963267948966, 0.5235987755982988, 0, 0, 0) 72 79
17 fsimplus(1.5707963267948966, 0.5235987755982988, 0, 0, 0) 78 85
17 fsimplus(1.5707963267948966, 0.5235987755982988, 0, 0, 0) 81 88
18 y_1_2 9
18 y_1_2 11
18 x_1_2 12
18 hz_1_2 17
18 y_1_2 18
18 x_1_2 19
18 y_1_2 20
18 x_1_2 21
18 x_1_2 25
18 hz_1_2 26
18 x_1_2 27
18 hz_1_2 28
18 hz_1_2 29
18 x_1_2 31
18 y_1_2 32
18 y_1_2 33
18 x_1_2 34
18 hz_1_2 35
18 hz_1_2 36
18 hz_1_2 37
18 hz_1_2 38
18 y_1_2 39
18 hz_1_2 40
18 y_1_2 41
18 y_1_2 42
18 hz_1_2 43
18 x_1_2 44
18 x_1_2 45
18 hz_1_2 46
18 x_1_2 47
18 y_1_2 48
18 x_1_2 50
18 hz_1_2 51
18 x_1_2 53
18 y_1_2 54
18 hz_1_2 55
18 y_1_2 56
18 x_1_2 57
18 y_1_2 58
18 x_1_2 59
18 y_1_2 61
18 y_1_2 62
18 x_1_2 63
18 y_1_2 64
18 x_1_2 65
18 hz_1_2 66
18 x_1_2 67
18 y_1_2 69
18 hz_1_2 70
18 y_1_2 71
18 hz_1_2 72
18 hz_1_2 74
18 y_1_2 77
18 hz_1_2 78
18 hz_1_2 79
18 y_1_2 81
18 y_1_2 85
18 x_1_2 86
18 hz_1_2 88
19 fsimplus(1.5707963267948966, 0.5235987755982988, 0, 0, 0) 12 19
19 fsimplus(1.5707963267948966, 0.5235987755982988, 0, 0, 0) 18 25
19 fsimplus(1.5707963267948966, 0.5235987755982988, 0, 0, 0) 20 27
19 fsimplus(1.5707963267948966, 0.5235987755982988, 0, 0, 0) 21 28
19 fsimplus(1.5707963267948966, 0.5235987755982988, 0, 0, 0) 26 33
19 fsimplus(1.5707963267948966, 0.5235987755982988, 0, 0, 0) 29 36
19 fsimplus(1.5707963267948966, 0.5235987755982988, 0, 0, 0) 31 38
19 fsimplus(1.5707963267948966, 0.5235987755982988, 0, 0, 0) 32 39
19 fsimplus(1.5707963267948966, 0.5235987755982988, 0, 0, 0) 34 41
19 fsimplus(1.5707963267948966, 0.5235987755982988, 0, 0, 0) 35 42
19 fsimplus(1.5707963267948966, 0.5235987755982988, 0, 0, 0) 37 44
19 fsimplus(1.5707963267948966, 0.5235987755982988, 0, 0, 0) 40 47
19 fsimplus(1.5707963267948966, 0.5235987755982988, 0, 0, 0) 43 50
19 fsimplus(1.5707963267948966, 0.5235987755982988, 0, 0, 0) 46 53
19 fsimplus(1.5707963267948966, 0.5235987755982988, 0, 0, 0) 48 55
19 fsimplus(1.5707963267948966, 0.5235987755982988, 0, 0, 0) 51 58
19 fsimplus(1.5707963267948966, 0.5235987755982988, 0, 0, 0) 54 61
19 fsimplus(1.5707963267948966, 0.5235987755982988, 0, 0, 0) 57 64
19 fsimplus(1.5707963267948966, 0.5235987755982988, 0, 0, 0) 62 69
19 fsimplus(1.5707963267948966, 0.5235987755982988, 0, 0, 0) 63 70
19 fsimplus(1.5707963267948966, 0.5235987755982988, 0, 0, 0) 65 72
19 fsimplus(1.5707963267948966, 0.5235987755982988, 0, 0, 0) 71 78
19 fsimplus(1.5707963267948966, 0.5235987755982988, 0, 0, 0) 74 81
19 fsimplus(1.5707963267948966, 0.5235987755982988, 0, 0, 0) 79 86
20 hz_1_2 9
20 x_1_2 11
20 y_1_2 12
20 y_1_2 17
20 x_1_2 18
20 hz_1_2 19
20 x_1_2 20
20 hz_1_2 21
20 y_1_2 25
20 x_1_2 26
20 y_1_2 27
20 x_1_2 28
20 x_1_2 29
20 hz_1_2 31
20 hz_1_2 32
20 hz_1_2 33
20 y_1_2 34
20 x_1_2 35
20 y_1_2 36
20 x_1_2 37
20 x_1_2 38
20 hz_1_2 39
20 y_1_2 40
20 x_1_2 41
20 x_1_2 42
20 x_1_2 43
20 y_1_2 44
20 y_1_2 45
20 x_1_2 46
20 hz_1_2 47
20 hz_1_2 48
20 y_1_2 50
20 y_1_2 51
20 hz_1_2 53
20 x_1_2 54
20 y_1_2 55
20 x_1_2 56
20 y_1_2 57
20 x_1_2 58
20 hz_1_2 59
20 x_1_2 61
20 hz_1_2 62
20 hz_1_2 63
20 hz_1_2 64
20 y_1_2 65
20 y_1_2 66
20 y_1_2 67
20 hz_1_2 69
20 y_1_2 70
20 x_1_2 71
20 y_1_2 72
20 x_1_2 74
20 hz_1_2 77
20 y_1_2 78
20 y_1_2 79
20 x_1_2 81
20 x_1_2 85
20 y_1_2 86
20 x_1_2 88
21 fsimplus(1.5707963267948966, 0.5235987755982988, 0, 0, 0) 17 25
21 fsimplus(1.5707963267948966, 0.5235987755982988, 0, 0, 0) 18 26
21 fsimplus(1.5707963267948966, 0.5235987755982988, 0, 0, 0) 19 27
21 fsimplus(1.5707963267948966, 0.5235987755982988, 0, 0, 0) 20 28
21 fsimplus(1.5707963267948966, 0.5235987755982988, 0, 0, 0) 21 29
21 fsimplus(1.5707963267948966, 0.5235987755982988, 0, 0, 0) 32 40
21 fsimplus(1.5707963267948966, 0.5235987755982988, 0, 0, 0) 33 41
21 fsimplus(1.5707963267948966, 0.5235987755982988, 0, 0, 0) 34 42
21 fsimplus(1.5707963267948966, 0.5235987755982988, 0, 0, 0) 35 43
21 fsimplus(1.5707963267948966, 0.5235987755982988, 0, 0, 0) 36 44
21 fsimplus(1.5707963267948966, 0.5235987755982988, 0, 0, 0) 45 53
21 fsimplus(1.5707963267948966, 0.5235987755982988, 0, 0, 0) 46 54
21 fsimplus(1.5707963267948966, 0.5235987755982988, 0, 0, 0) 48 56
21 fsimplus(1.5707963267948966, 0.5235987755982988, 0, 0, 0) 50 58
21 fsimplus(1.5707963267948966, 0.5235987755982988, 0, 0, 0) 51 59
21 fsimplus(1.5707963267948966, 0.5235987755982988, 0, 0, 0) 55 63
21 fsimplus(1.5707963267948966, 0.5235987755982988, 0, 0, 0) 61 69
21 fsimplus(1.5707963267948966, 0.5235987755982988, 0, 0, 0) 62 70
21 fsimplus(1.5707963267948966, 0.5235987755982988, 0, 0, 0) 64 72
21 fsimplus(1.5707963267948966, 0.5235987755982988, 0, 0, 0) 66 74
21 fsimplus(1.5707963267948966, 0.5235987755982988, 0, 0, 0) 71 79
21 fsimplus(1.5707963267948966, 0.5235987755982988, 0, 0, 0) 77 85
21 fsimplus(1.5707963267948966, 0.5235987755982988, 0, 0, 0) 78 86
22 x_1_2 9
22 hz_1_2 11
22 hz_1_2 12
22 x_1_2 17
22 hz_1_2 18
22 y_1_2 19
22 hz_1_2 20
22 x_1_2 21
22 x_1_2 25
22 hz_1_2 26
22 hz_1_2 27
22 hz_1_2 28
22 hz_1_2 29
22 y_1_2 31
22 y_1_2 32
22 x_1_2 33
22 x_1_2 34
22 hz_1_2 35
22 hz_1_2 36
22 hz_1_2 37
22 y_1_2 38
22 x_1_2 39
22 hz_1_2 40
22 y_1_2 41
22 y_1_2 42
22 y_1_2 43
22 x_1_2 44
22 x_1_2 45
22 y_1_2 46
22 x_1_2 47
22 y_1_2 48
22 hz_1_2 50
22 hz_1_2 51
22 x_1_2 53
22 hz_1_2 54
22 x_1_2 55
22 y_1_2 56
22 x_1_2 57
22 hz_1_2 58
22 x_1_2 59
22 y_1_2 61
22 x_1_2 62
22 y_1_2 63
22 x_1_2 64
22 x_1_2 65
22 x_1_2 66
22 hz_1_2 67
22 y_1_2 69
22 hz_1_2 70
22 y_1_2 71
22 hz_1_2 72
22 hz_1_2 74
22 y_1_2 77
22 hz_1_2 78
22 hz_1_2 79
22 hz_1_2 81
22 hz_1_2 85
22 x_1_2 86
22 y_1_2 88
23 fsimplus(1.5707963267948966, 0.5235987755982988, 0, 0, 0) 9 17
23 fsimplus(1.5707963267948966, 0.5235987755982988, 0, 0, 0) 11 19
23 fsimplus(1.5707963267948966, 0.5235987755982988, 0, 0, 0) 12 20
23 fsimplus(1.5707963267948966, 0.5235987755982988, 0, 0, 0) 25 33
23 fsimplus(1.5707963267948966, 0.5235987755982988, 0, 0, 0) 26 34
23 fsimplus(1.5707963267948966, 0.5235987755982988, 0, 0, 0) 27 35
23 fsimplus(1.5707963267948966, 0.5235987755982988, 0, 0, 0) 28 36
23 fsimplus(1.5707963267948966, 0.5235987755982988, 0, 0, 0) 29 37
23 fsimplus(1.5707963267948966, 0.5235987755982988, 0, 0, 0) 38 46
23 fsimplus(1.5707963267948966, 0.5235987755982988, 0, 0, 0) 40 48
23 fsimplus(1.5707963267948966, 0.5235987755982988, 0, 0, 0) 42 50
23 fsimplus(1.5707963267948966, 0.5235987755982988, 0, 0, 0) 43 51
23 fsimplus(1.5707963267948966, 0.5235987755982988, 0, 0, 0) 47 55
23 fsimplus(1.5707963267948966, 0.5235987755982988, 0, 0, 0) 53 61
23 fsimplus(1.5707963267948966, 0.5235987755982988, 0, 0, 0) 54 62
23 fsimplus(1.5707963267948966, 0.5235987755982988, 0, 0, 0) 56 64
23 fsimplus(1.5707963267948966, 0.5235987755982988, 0, 0, 0) 57 65
23 fsimplus(1.5707963267948966, 0.5235987755982988, 0, 0, 0) 58 66
23 fsimplus(1.5707963267948966, 0.5235987755982988, 0, 0, 0) 59 67
23 fsimplus(1.5707963267948966, 0.5235987755982988, 0, 0, 0) 63 71
23 fsimplus(1.5707963267948966, 0.5235987755982988, 0, 0, 0) 69 77
23 fsimplus(1.5707963267948966, 0.5235987755982988, 0, 0, 0) 70 78
24 hz_1_2 9
24 x_1_2 11
24 y_1_2 12
24 hz_1_2 17
24 y_1_2 18
24 x_1_2 19
24 y_1_2 20
24 y_1_2 21
24 y_1_2 25
24 x_1_2 26
24 y_1_2 27
24 y_1_2 28
24 y_1_2 29
24 hz_1_2 31
24 x_1_2 32
24 y_1_2 33
24 y_1_2 34
24 y_1_2 35
24 x_1_2 36
24 x_1_2 37
24 hz_1_2 38
24 y_1_2 39
24 x_1_2 40
24 x_1_2 41
24 hz_1_2 42
24 x_1_2 43
24 y_1_2 44
24 y_1_2 45
24 hz_1_2 46
24 hz_1_2 47
24 hz_1_2 48
24 y_1_2 50
24 y_1_2 51
24 y_1_2 53
24 x_1_2 54
24 hz_1_2 55
24 x_1_2 56
24 y_1_2 57
24 x_1_2 58
24 y_1_2 59
24 hz_1_2 61
24 y_1_2 62
24 hz_1_2 63
24 y_1_2 64
24 hz_1_2 65
24 hz_1_2 66
24 x_1_2 67
24 hz_1_2 69
24 y_1_2 70
24 hz_1_2 71
24 x_1_2 72
24 y_1_2 74
24 hz_1_2 77
24 y_1_2 78
24 y_1_2 79
24 y_1_2 81
24 x_1_2 85
24 y_1_2 86
24 x_1_2 88
25 fsimplus(1.5707963267948966, 0.5235987755982988, 0, 0, 0) 17 25
25 fsimplus(1.5707963267948966, 0.5235987755982988, 0, 0, 0) 18 26
25 fsimplus(1.5707963267948966, 0.5235987755982988, 0, 0, 0) 19 27
25 fsimplus(1.5707963267948966, 0.5235987755982988, 0, 0, 0) 20 28
25 fsimplus(1.5707963267948966, 0.5235987755982988, 0, 0, 0) 21 29
25 fsimplus(1.5707963267948966, 0.5235987755982988, 0, 0, 0) 32 40
25 fsimplus(1.5707963267948966, 0.5235987755982988, 0, 0, 0) 33 41
25 fsimplus(1.5707963267948966, 0.5235987755982988, 0, 0, 0) 34 42
25 fsimplus(1.5707963267948966, 0.5235987755982988, 0, 0, 0) 35 43
25 fsimplus(1.5707963267948966, 0.5235987755982988, 0, 0, 0) 36 44
25 fsimplus(1.5707963267948966, 0.5235987755982988, 0, 0, 0) 45 53
25 fsimplus(1.5707963267948966, 0.5235987755982988, 0, 0, 0) 46 54
25 fsimplus(1.5707963267948966, 0.5235987755982988, 0, 0, 0) 48 56
25 fsimplus(1.5707963267948966, 0.5235987755982988, 0, 0, 0) 50 58
25 fsimplus(1.5707963267948966, 0.5235987755982988, 0, 0, 0) 51 59
25 fsimplus(1.5707963267948966, 0.5235987755982988, 0, 0, 0) 55 63
25 fsimplus(1.5707963267948966, 0.5235987755982988, 0, 0, 0) 61 69
25 fsimplus(1.5707963267948966, 0.5235987755982988, 0, 0, 0) 62 70
25 fsimplus(1.5707963267948966, 0.5235987755982988, 0, 0, 0) 64 72
25 fsimplus(1.5707963267948966, 0.5235987755982988, 0, 0, 0) 66 74
25 fsimplus(1.5707963267948966, 0.5235987755982988, 0, 0, 0) 71 79
25 fsimplus(1.5707963267948966, 0.5235987755982988, 0, 0, 0) 77 85
25 fsimplus(1.5707963267948966, 0.5235987755982988, 0, 0, 0) 78 86
26 y_1_2 9
26 y_1_2 11
26 hz_1_2 12
26 y_1_2 17
26 x_1_2 18
26 hz_1_2 19
26 hz_1_2 20
26 x_1_2 21
26 x_1_2 25
26 y_1_2 26
26 x_1_2 27
26 x_1_2 28
26 hz_1_2 29
26 x_1_2 31
26 y_1_2 32
26 hz_1_2 33
26 x_1_2 34
26 x_1_2 35
26 hz_1_2 36
26 y_1_2 37
26 x_1_2 38
26 x_1_2 39
26 hz_1_2 40
26 hz_1_2 41
26 x_1_2 42
26 y_1_2 43
26 hz_1_2 44
26 hz_1_2 45
26 x_1_2 46
26 x_1_2 47
26 y_1_2 48
26 hz_1_2 50
26 hz_1_2 51
26 hz_1_2 53
26 hz_1_2 54
26 y_1_2 55
26 y_1_2 56
26 x_1_2 57
26 hz_1_2 58
26 hz_1_2 59
26 x_1_2 61
26 hz_1_2 62
26 y_1_2 63
26 hz_1_2 64
26 x_1_2 65
26 x_1_2 66
26 y_1_2 67
26 y_1_2 69
26 hz_1_2 70
26 y_1_2 71
26 hz_1_2 72
26 x_1_2 74
26 x_1_2 77
26 hz_1_2 78
26 hz_1_2 79
26 x_1_2 81
26 hz_1_2 85
26 hz_1_2 86
26 hz_1_2 88
27 fsimplus(1.5707963267948966, 0.5235987755982988, 0, 0, 0) 9 17
27 fsimplus(1.5707963267948966, 0.5235987755982988, 0, 0, 0) 11 19
27 fsimplus(1.5707963267948966, 0.5235987755982988, 0, 0, 0) 12 20
27 fsimplus(1.5707963267948966, 0.5235987755982988, 0, 0, 0) 25 33
27 fsimplus(1.5707963267948966, 0.5235987755982988, 0, 0, 0) 26 34
27 fsimplus(1.5707963267948966, 0.5235987755982988, 0, 0, 0) 27 35
27 fsimplus(1.5707963267948966, 0.5235987755982988, 0, 0, 0) 28 36
27 fsimplus(1.5707963267948966, 0.5235987755982988, 0, 0, 0) 29 37
27 fsimplus(1.5707963267948966, 0.5235987755982988, 0, 0, 0) 38 46
27 fsimplus(1.5707963267948966, 0.5235987755982988, 0, 0, 0) 40 48
27 fsimplus(1.5707963267948966, 0.5235987755982988, 0, 0, 0) 42 50
27 fsimplus(1.5707963267948966, 0.5235987755982988, 0, 0, 0) 43 51
27 fsimplus(1.5707963267948966, 0.5235987755982988, 0, 0, 0) 47 55
27 fsimplus(1.5707963267948966, 0.5235987755982988, 0, 0, 0) 53 61
27 fsimplus(1.5707963267948966, 0.5235987755982988, 0, 0, 0) 54 62
27 fsimplus(1.5707963267948966, 0.5235987755982988, 0, 0, 0) 56 64
27 fsimplus(1.5707963267948966, 0.5235987755982988, 0, 0, 0) 57 65
27 fsimplus(1.5707963267948966, 0.5235987755982988, 0, 0, 0) 58 66
27 fsimplus(1.5707963267948966, 0.5235987755982988, 0, 0, 0) 59 67
27 fsimplus(1.5707963267948966, 0.5235987755982988, 0, 0, 0) 63 71
27 fsimplus(1.5707963267948966, 0.5235987755982988, 0, 0, 0) 69 77
27 fsimplus(1.5707963267948966, 0.5235987755982988, 0, 0, 0) 70 78
28 hz_1_2 9
28 x_1_2 11
28 x_1_2 12
28 hz_1_2 17
28 y_1_2 18
28 x_1_2 19
28 y_1_2 20
28 y_1_2 21
28 y_1_2 25
28 hz_1_2 26
28 y_1_2 27
28 hz_1_2 28
28 y_1_2 29
28 hz_1_2 31
28 x_1_2 32
28 y_1_2 33
28 hz_1_2 34
28 hz_1_2 35
28 x_1_2 36
28 hz_1_2 37
28 y_1_2 38
28 y_1_2 39
28 x_1_2 40
28 x_1_2 41
28 hz_1_2 42
28 x_1_2 43
28 x_1_2 44
28 x_1_2 45
28 y_1_2 46
28 y_1_2 47
28 hz_1_2 48
28 x_1_2 50
28 y_1_2 51
28 x_1_2 53
28 y_1_2 54
28 x_1_2 55
28 x_1_2 56
28 hz_1_2 57
28 y_1_2 58
28 x_1_2 59
28 hz_1_2 61
28 x_1_2 62
28 hz_1_2 63
28 x_1_2 64
28 y_1_2 65
28 hz_1_2 66
28 hz_1_2 67
28 x_1_2 69
28 y_1_2 70
28 hz_1_2 71
28 x_1_2 72
28 y_1_2 74
28 hz_1_2 77
28 x_1_2 78
28 x_1_2 79
28 y_1_2 81
28 y_1_2 85
28 y_1_2 86
28 y_1_2 88
29 fsimplus(1.5707963267948966, 0.5235987755982988, 0, 0, 0) 11 18
29 fsimplus(1.5707963267948966, 0.5235987755982988, 0, 0, 0) 19 26
29 fsimplus(1.5707963267948966, 0.5235987755982988, 0, 0, 0) 25 32
29 fsimplus(1.5707963267948966, 0.5235987755982988, 0, 0, 0) 27 34
29 fsimplus(1.5707963267948966, 0.5235987755982988, 0, 0, 0) 28 35
29 fsimplus(1.5707963267948966, 0.5235987755982988, 0, 0, 0) 33 40
29 fsimplus(1.5707963267948966, 0.5235987755982988, 0, 0, 0) 36 43
29 fsimplus(1.5707963267948966, 0.5235987755982988, 0, 0, 0) 38 45
29 fsimplus(1.5707963267948966, 0.5235987755982988, 0, 0, 0) 39 46
29 fsimplus(1.5707963267948966, 0.5235987755982988, 0, 0, 0) 41 48
29 fsimplus(1.5707963267948966, 0.5235987755982988, 0, 0, 0) 44 51
29 fsimplus(1.5707963267948966, 0.5235987755982988, 0, 0, 0) 47 54
29 fsimplus(1.5707963267948966, 0.5235987755982988, 0, 0, 0) 50 57
29 fsimplus(1.5707963267948966, 0.5235987755982988, 0, 0, 0) 55 62
29 fsimplus(1.5707963267948966, 0.5235987755982988, 0, 0, 0) 56 63
29 fsimplus(1.5707963267948966, 0.5235987755982988, 0, 0, 0) 58 65
29 fsimplus(1.5707963267948966, 0.5235987755982988, 0, 0, 0) 59 66
29 fsimplus(1.5707963267948966, 0.5235987755982988, 0, 0, 0) 64 71
29 fsimplus(1.5707963267948966, 0.5235987755982988, 0, 0, 0) 67 74
29 fsimplus(1.5707963267948966, 0.5235987755982988, 0, 0, 0) 70 77
29 fsimplus(1.5707963267948966, 0.5235987755982988, 0, 0, 0) 72 79
29 fsimplus(1.5707963267948966, 0.5235987755982988, 0, 0, 0) 78 85
29 fsimplus(1.5707963267948966, 0.5235987755982988, 0, 0, 0) 81 88
30 x_1_2 9
30 y_1_2 11
30 hz_1_2 12
30 x_1_2 17
30 x_1_2 18
30 hz_1_2 19
30 hz_1_2 20
30 hz_1_2 21
30 x_1_2 25
30 x_1_2 26
30 x_1_2 27
30 x_1_2 28
30 x_1_2 29
30 y_1_2 31
30 hz_1_2 32
30 x_1_2 33
30 y_1_2 34
30 x_1_2 35
30 y_1_2 36
30 x_1_2 37
30 x_1_2 38
30 hz_1_2 39
30 hz_1_2 40
30 hz_1_2 41
30 x_1_2 42
30 hz_1_2 43
30 y_1_2 44
30 hz_1_2 45
30 hz_1_2 46
30 hz_1_2 47
30 x_1_2 48
30 hz_1_2 50
30 x_1_2 51
30 hz_1_2 53
30 hz_1_2 54
30 y_1_2 55
30 y_1_2 56
30 x_1_2 57
30 hz_1_2 58
30 y_1_2 59
30 x_1_2 61
30 hz_1_2 62
30 y_1_2 63
30 y_1_2 64
30 hz_1_2 65
30 x_1_2 66
30 y_1_2 67
30 hz_1_2 69
30 x_1_2 70
30 y_1_2 71
30 y_1_2 72
30 hz_1_2 74
30 x_1_2 77
30 y_1_2 78
30 y_1_2 79
30 hz_1_2 81
30 x_1_2 85
30 x_1_2 86
30 hz_1_2 88
31 fsimplus(1.5707963267948966, 0.5235987755982988, 0, 0, 0) 12 19
31 fsimplus(1.5707963267948966, 0.5235987755982988, 0, 0, 0) 18 25
31 fsimplus(1.5707963267948966, 0.5235987755982988, 0, 0, 0) 20 27
31 fsimplus(1.5707963267948966, 0.5235987755982988, 0, 0, 0) 21 28
31 fsimplus(1.5707963267948966, 0.5235987755982988, 0, 0, 0) 26 33
31 fsimplus(1.5707963267948966, 0.5235987755982988, 0, 0, 0) 29 36
31 fsimplus(1.5707963267948966, 0.5235987755982988, 0, 0, 0) 31 38
31 fsimplus(1.5707963267948966, 0.5235987755982988, 0, 0, 0) 32 39
31 fsimplus(1.5707963267948966, 0.5235987755982988, 0, 0, 0) 34 41
31 fsimplus(1.5707963267948966, 0.5235987755982988, 0, 0, 0) 35 42
31 fsimplus(1.5707963267948966, 0.5235987755982988, 0, 0, 0) 37 44
31 fsimplus(1.5707963267948966, 0.5235987755982988, 0, 0, 0) 40 47
31 fsimplus(1.5707963267948966, 0.5235987755982988, 0, 0, 0) 43 50
31 fsimplus(1.5707963267948966, 0.5235987755982988, 0, 0, 0) 46 53
31 fsimplus(1.5707963267948966, 0.5235987755982988, 0, 0, 0) 48 55
31 fsimplus(1.5707963267948966, 0.5235987755982988, 0, 0, 0) 51 58
31 fsimplus(1.5707963267948966, 0.5235987755982988, 0, 0, 0) 54 61
31 fsimplus(1.5707963267948966, 0.5235987755982988, 0, 0, 0) 57 64
31 fsimplus(1.5707963267948966, 0.5235987755982988, 0, 0, 0) 62 69
31 fsimplus(1.5707963267948966, 0.5235987755982988, 0, 0, 0) 63 70
31 fsimplus(1.5707963267948966, 0.5235987755982988, 0, 0, 0) 65 72
31 fsimplus(1.5707963267948966, 0.5235987755982988, 0, 0, 0) 71 78
31 fsimplus(1.5707963267948966, 0.5235987755982988, 0, 0, 0) 74 81
31 fsimplus(1.5707963267948966, 0.5235987755982988, 0, 0, 0) 79 86
32 hz_1_2 9
32 hz_1_2 11
32 x_1_2 12
32 y_1_2 17
32 hz_1_2 18
32 y_1_2 19
32 x_1_2 20
32 x_1_2 21
32 y_1_2 25
32 hz_1_2 26
32 y_1_2 27
32 y_1_2 28
32 y_1_2 29
32 hz_1_2 31
32 y_1_2 32
32 hz_1_2 33
32 x_1_2 34
32 hz_1_2 35
32 x_1_2 36
32 hz_1_2 37
32 hz_1_2 38
32 y_1_2 39
32 y_1_2 40
32 y_1_2 41
32 y_1_2 42
32 y_1_2 43
32 x_1_2 44
32 y_1_2 45
32 y_1_2 46
32 y_1_2 47
32 hz_1_2 48
32 y_1_2 50
32 y_1_2 51
32 x_1_2 53
32 x_1_2 54
32 x_1_2 55
32 x_1_2 56
32 y_1_2 57
32 y_1_2 58
32 x_1_2 59
32 hz_1_2 61
32 x_1_2 62
32 hz_1_2 63
32 x_1_2 64
32 x_1_2 65
32 y_1_2 66
32 x_1_2 67
32 x_1_2 69
32 hz_1_2 70
32 hz_1_2 71
32 hz_1_2 72
32 x_1_2 74
32 y_1_2 77
32 x_1_2 78
32 hz_1_2 79
32 x_1_2 81
32 y_1_2 85
32 hz_1_2 86
32 y_1_2 88
33 fsimplus(1.5707963267948966, 0.5235987755982988, 0, 0, 0) 11 18
33 fsimplus(1.5707963267948966, 0.5235987755982988, 0, 0, 0) 19 26
33 fsimplus(1.5707963267948966, 0.5235987755982988, 0, 0, 0) 25 32
33 fsimplus(1.5707963267948966, 0.5235987755982988, 0, 0, 0) 27 34
33 fsimplus(1.5707963267948966, 0.5235987755982988, 0, 0, 0) 28 35
33 fsimplus(1.5707963267948966, 0.5235987755982988, 0, 0, 0) 33 40
33 fsimplus(1.5707963267948966, 0.5235987755982988, 0, 0, 0) 36 43
33 fsimplus(1.5707963267948966, 0.5235987755982988, 0, 0, 0) 38 45
33 fsimplus(1.5707963267948966, 0.5235987755982988, 0, 0, 0) 39 46
33 fsimplus(1.5707963267948966, 0.5235987755982988, 0, 0, 0) 41 48
33 fsimplus(1.5707963267948966, 0.5235987755982988, 0, 0, 0) 44 51
33 fsimplus(1.5707963267948966, 0.5235987755982988, 0, 0, 0) 47 54
33 fsimplus(1.5707963267948966, 0.5235987755982988, 0, 0, 0) 50 57
33 fsimplus(1.5707963267948966, 0.5235987755982988, 0, 0, 0) 55 62
33 fsimplus(1.5707963267948966, 0.5235987755982988, 0, 0, 0) 56 63
33 fsimplus(1.5707963267948966, 0.5235987755982988, 0, 0, 0) 58 65
33 fsimplus(1.5707963267948966, 0.5235987755982988, 0, 0, 0) 59 66
33 fsimplus(1.5707963267948966, 0.5235987755982988, 0, 0, 0) 64 71
33 fsimplus(1.5707963267948966, 0.5235987755982988, 0, 0, 0) 67 74
33 fsimplus(1.5707963267948966, 0.5235987755982988, 0, 0, 0) 70 77
33 fsimplus(1.5707963267948966, 0.5235987755982988, 0, 0, 0) 72 79
33 fsimplus(1.5707963267948966, 0.5235987755982988, 0, 0, 0) 78 85
33 fsimplus(1.5707963267948966, 0.5235987755982988, 0, 0, 0) 81 88
34 y_1_2 9
34 x_1_2 11
34 hz_1_2 12
34 hz_1_2 17
34 y_1_2 18
34 x_1_2 19
34 hz_1_2 20
34 y_1_2 21
34 x_1_2 25
34 x_1_2 26
34 x_1_2 27
34 hz_1_2 28
34 hz_1_2 29
34 y_1_2 31
34 x_1_2 32
34 x_1_2 33
34 y_1_2 34
34 x_1_2 35
34 hz_1_2 36
34 y_1_2 37
34 y_1_2 38
34 x_1_2 39
34 x_1_2 40
34 x_1_2 41
34 x_1_2 42
34 hz_1_2 43
34 hz_1_2 44
34 x_1_2 45
34 hz_1_2 46
34 hz_1_2 47
34 y_1_2 48
34 hz_1_2 50
34 hz_1_2 51
34 hz_1_2 53
34 y_1_2 54
34 hz_1_2 55
34 y_1_2 56
34 hz_1_2 57
34 hz_1_2 58
34 hz_1_2 59
34 x_1_2 61
34 hz_1_2 62
34 x_1_2 63
34 y_1_2 64
34 hz_1_2 65
34 hz_1_2 66
34 y_1_2 67
34 hz_1_2 69
34 x_1_2 70
34 x_1_2 71
34 y_1_2 72
34 hz_1_2 74
34 x_1_2 77
34 y_1_2 78
34 y_1_2 79
34 hz_1_2 81
34 x_1_2 85
34 x_1_2 86
34 x_1_2 88
35 fsimplus(1.5707963267948966, 0.5235987755982988, 0, 0, 0) 12 19
35 fsimplus(1.5707963267948966, 0.5235987755982988, 0, 0, 0) 18 25
35 fsimplus(1.5707963267948966, 0.5235987755982988, 0, 0, 0) 20 27
35 fsimplus(1.5707963267948966, 0.5235987755982988, 0, 0, 0) 21 28
35 fsimplus(1.5707963267948966, 0.5235987755982988, 0, 0, 0) 26 33
35 fsimplus(1.5707963267948966, 0.5235987755982988, 0, 0, 0) 29 36
35 fsimplus(1.5707963267948966, 0.5235987755982988, 0, 0, 0) 31 38
35 fsimplus(1.5707963267948966, 0.5235987755982988, 0, 0, 0) 32 39
35 fsimplus(1.5707963267948966, 0.5235987755982988, 0, 0, 0) 34 41
35 fsimplus(1.5707963267948966, 0.5235987755982988, 0, 0, 0) 35 42
35 fsimplus(1.5707963267948966, 0.5235987755982988, 0, 0, 0) 37 44
35 fsimplus(1.5707963267948966, 0.5235987755982988, 0, 0, 0) 40 47
35 fsimplus(1.5707963267948966, 0.5235987755982988, 0, 0, 0) 43 50
35 fsimplus(1.5707963267948966, 0.5235987755982988, 0, 0, 0) 46 53
35 fsimplus(1.5707963267948966, 0.5235987755982988, 0, 0, 0) 48 55
35 fsimplus(1.5707963267948966, 0.5235987755982988, 0, 0, 0) 51 58
35 fsimplus(1.5707963267948966, 0.5235987755982988, 0, 0, 0) 54 61
35 fsimplus(1.5707963267948966, 0.5235987755982988, 0, 0, 0) 57 64
35 fsimplus(1.5707963267948966, 0.5235987755982988, 0, 0, 0) 62 69
35 fsimplus(1.5707963267948966, 0.5235987755982988, 0, 0, 0) 63 70
35 fsimplus(1.5707963267948966, 0.5235987755982988, 0, 0, 0) 65 72
35 fsimplus(1.5707963267948966, 0.5235987755982988, 0, 0, 0) 71 78
35 fsimplus(1.5707963267948966, 0.5235987755982988, 0, 0, 0) 74 81
35 fsimplus(1.5707963267948966, 0.5235987755982988, 0, 0, 0) 79 86
36 x_1_2 9
36 hz_1_2 11
36 x_1_2 12
36 x_1_2 17
36 hz_1_2 18
36 y_1_2 19
36 x_1_2 20
36 hz_1_2 21
36 hz_1_2 25
36 y_1_2 26
36 hz_1_2 27
36 x_1_2 28
36 y_1_2 29
36 x_1_2 31
36 hz_1_2 32
36 y_1_2 33
36 x_1_2 34
36 y_1_2 35
36 y_1_2 36
36 hz_1_2 37
36 x_1_2 38
36 hz_1_2 39
36 y_1_2 40
36 hz_1_2 41
36 y_1_2 42
36 x_1_2 43
36 y_1_2 44
36 hz_1_2 45
36 x_1_2 46
36 x_1_2 47
36 hz_1_2 48
36 y_1_2 50
36 y_1_2 51
36 y_1_2 53
36 hz_1_2 54
36 x_1_2 55
36 hz_1_2 56
36 y_1_2 57
36 y_1_2 58
36 y_1_2 59
36 y_1_2 61
36 x_1_2 62
36 hz_1_2 63
36 x_1_2 64
36 y_1_2 65
36 x_1_2 66
36 x_1_2 67
36 y_1_2 69
36 y_1_2 70
36 y_1_2 71
36 hz_1_2 72
36 x_1_2 74
36 y_1_2 77
36 hz_1_2 78
36 x_1_2 79
36 y_1_2 81
36 hz_1_2 85
36 y_1_2 86
36 y_1_2 88
37 fsimplus(1.5707963267948966, 0.5235987755982988, 0, 0, 0) 17 25
37 fsimplus(1.5707963267948966, 0.5235987755982988, 0, 0, 0) 18 26
37 fsimplus(1.5707963267948966, 0.5235987755982988, 0, 0, 0) 19 27
37 fsimplus(1.5707963267948966, 0.5235987755982988, 0, 0, 0) 20 28
37 fsimplus(1.5707963267948966, 0.5235987755982988, 0, 0, 0) 21 29
37 fsimplus(1.5707963267948966, 0.5235987755982988, 0, 0, 0) 32 40
37 fsimplus(1.5707963267948966, 0.5235987755982988, 0, 0, 0) 33 41
37 fsimplus(1.5707963267948966, 0.5235987755982988, 0, 0, 0) 34 42
37 fsimplus(1.5707963267948966, 0.5235987755982988, 0, 0, 0) 35 43
37 fsimplus(1.5707963267948966, 0.5235987755982988, 0, 0, 0) 36 44
37 fsimplus(1.5707963267948966, 0.5235987755982988, 0, 0, 0) 45 53
37 fsimplus(1.5707963267948966, 0.5235987755982988, 0, 0, 0) 46 54
37 fsimplus(1.5707963267948966, 0.5235987755982988, 0, 0, 0) 48 56
37 fsimplus(1.5707963267948966, 0.5235987755982988, 0, 0, 0) 50 58
37 fsimplus(1.5707963267948966, 0.5235987755982988, 0, 0, 0) 51 59
37 fsimplus(1.5707963267948966, 0.5235987755982988, 0, 0, 0) 55 63
37 fsimplus(1.5707963267948966, 0.5235987755982988, 0, 0, 0) 61 69
37 fsimplus(1.5707963267948966, 0.5235987755982988, 0, 0, 0) 62 70
37 fsimplus(1.5707963267948966, 0.5235987755982988, 0, 0, 0) 64 72
37 fsimplus(1.5707963267948966, 0.5235987755982988, 0, 0, 0) 66 74
37 fsimplus(1.5707963267948966, 0.5235987755982988, 0, 0, 0) 71 79
37 fsimplus(1.5707963267948966, 0.5235987755982988, 0, 0, 0) 77 85
37 fsimplus(1.5707963267948966, 0.5235987755982988, 0, 0, 0) 78 86
38 y_1_2 9
38 y_1_2 11
38 y_1_2 12
38 hz_1_2 17
38 x_1_2 18
38 hz_1_2 19
38 y_1_2 20
38 y_1_2 21
38 y_1_2 25
38 hz_1_2 26
38 y_1_2 27
38 y_1_2 28
38 x_1_2 29
38 y_1_2 31
38 x_1_2 32
38 hz_1_2 33
38 y_1_2 34
38 hz_1_2 35
38 x_1_2 36
38 y_1_2 37
38 y_1_2 38
38 x_1_2 39
38 x_1_2 40
38 y_1_2 41
38 hz_1_2 42
38 hz_1_2 43
38 hz_1_2 44
38 y_1_2 45
38 y_1_2 46
38 hz_1_2 47
38 x_1_2 48
38 hz_1_2 50
38 hz_1_2 51
38 x_1_2 53
38 y_1_2 54
38 y_1_2 55
38 x_1_2 56
38 x_1_2 57
38 x_1_2 58
38 x_1_2 59
38 x_1_2 61
38 y_1_2 62
38 y_1_2 63
38 hz_1_2 64
38 x_1_2 65
38 hz_1_2 66
38 hz_1_2 67
38 hz_1_2 69
38 x_1_2 70
38 x_1_2 71
38 x_1_2 72
38 hz_1_2 74
38 x_1_2 77
38 x_1_2 78
38 y_1_2 79
38 hz_1_2 81
38 y_1_2 85
38 hz_1_2 86
38 hz_1_2 88
39 fsimplus(1.5707963267948966, 0.5235987755982988, 0, 0, 0) 9 17
39 fsimplus(1.5707963267948966, 0.5235987755982988, 0, 0, 0) 11 19
39 fsimplus(1.5707963267948966, 0.5235987755982988, 0, 0, 0) 12 20
39 fsimplus(1.5707963267948966, 0.5235987755982988, 0, 0, 0) 25 33
39 fsimplus(1.5707963267948966, 0.5235987755982988, 0, 0, 0) 26 34
39 fsimplus(1.5707963267948966, 0.5235987755982988, 0, 0, 0) 27 35
39 fsimplus(1.5707963267948966, 0.5235987755982988, 0, 0, 0) 28 36
39 fsimplus(1.5707963267948966, 0.5235987755982988, 0, 0, 0) 29 37
39 fsimplus(1.5707963267948966, 0.5235987755982988, 0, 0, 0) 38 46
39 fsimplus(1.5707963267948966, 0.5235987755982988, 0, 0, 0) 40 48
39 fsimplus(1.5707963267948966, 0.5235987755982988, 0, 0, 0) 42 50
39 fsimplus(1.5707963267948966, 0.5235987755982988, 0, 0, 0) 43 51
39 fsimplus(1.5707963267948966, 0.5235987755982988, 0, 0, 0) 47 55
39 fsimplus(1.5707963267948966, 0.5235987755982988, 0, 0, 0) 53 61
39 fsimplus(1.5707963267948966, 0.5235987755982988, 0, 0, 0) 54 62
39 fsimplus(1.5707963267948966, 0.5235987755982988, 0, 0, 0) 56 64
39 fsimplus(1.5707963267948966, 0.5235987755982988, 0, 0, 0) 57 65
39 fsimplus(1.5707963267948966, 0.5235987755982988, 0, 0, 0) 58 66
39 fsimplus(1.5707963267948966, 0.5235987755982988, 0, 0, 0) 59 67
39 fsimplus(1.5707963267948966, 0.5235987755982988, 0, 0, 0) 63 71
39 fsimplus(1.5707963267948966, 0.5235987755982988, 0, 0, 0) 69 77
39 fsimplus(1.5707963267948966, 0.5235987755982988, 0, 0, 0) 70 78
40 hz_1_2 9
40 x_1_2 11
40 hz_1_2 12
40 y_1_2 17
40 hz_1_2 18
40 y_1_2 19
40 hz_1_2 20
40 hz_1_2 21
40 hz_1_2 25
40 y_1_2 26
40 x_1_2 27
40 hz_1_2 28
40 hz_1_2 29
40 x_1_2 31
40 hz_1_2 32
40 y_1_2 33
40 hz_1_2 34
40 x_1_2 35
40 hz_1_2 36
40 hz_1_2 37
40 x_1_2 38
40 hz_1_2 39
40 hz_1_2 40
40 hz_1_2 41
40 x_1_2 42
40 y_1_2 43
40 y_1_2 44
40 hz_1_2 45
40 x_1_2 46
40 x_1_2 47
40 y_1_2 48
40 y_1_2 50
40 x_1_2 51
40 y_1_2 53
40 hz_1_2 54
40 x_1_2 55
40 hz_1_2 56
40 y_1_2 57
40 hz_1_2 58
40 hz_1_2 59
40 y_1_2 61
40 x_1_2 62
40 x_1_2 63
40 y_1_2 64
40 hz_1_2 65
40 x_1_2 66
40 y_1_2 67
40 y_1_2 69
40 hz_1_2 70
40 y_1_2 71
40 y_1_2 72
40 x_1_2 74
40 y_1_2 77
40 y_1_2 78
40 hz_1_2 79
40 x_1_2 81
40 x_1_2 85
40 y_1_2 86
40 y_1_2 88
41 fsimplus(1.5707963267948966, 0.5235987755982988, 0, 0, 0) 17 25
41 fsimplus(1.5707963267948966, 0.5235987755982988, 0, 0, 0) 18 26
41 fsimplus(1.5707963267948966, 0.5235987755982988, 0, 0, 0) 19 27
41 fsimplus(1.5707963267948966, 0.5235987755982988, 0, 0, 0) 20 28
41 fsimplus(1.5707963267948966, 0.5235987755982988, 0, 0, 0) 21 29
41 fsimplus(1.5707963267948966, 0.5235987755982988, 0, 0, 0) 32 40
41 fsimplus(1.5707963267948966, 0.5235987755982988, 0, 0, 0) 33 41
41 fsimplus(1.5707963267948966, 0.5235987755982988, 0, 0, 0) 34 42
41 fsimplus(1.5707963267948966, 0.5235987755982988, 0, 0, 0) 35 43
41 fsimplus(1.5707963267948966, 0.5235987755982988, 0, 0, 0) 36 44
41 fsimplus(1.5707963267948966, 0.5235987755982988, 0, 0, 0) 45 53
41 fsimplus(1.5707963267948966, 0.5235987755982988, 0, 0, 0) 46 54
41 fsimplus(1.5707963267948966, 0.5235987755982988, 0, 0, 0) 48 56
41 fsimplus(1.5707963267948966, 0.5235987755982988, 0, 0, 0) 50 58
41 fsimplus(1.5707963267948966, 0.5235987755982988, 0, 0, 0) 51 59
41 fsimplus(1.5707963267948966, 0.5235987755982988, 0, 0, 0) 55 63
41 fsimplus(1.5707963267948966, 0.5235987755982988, 0, 0, 0) 61 69
41 fsimplus(1.5707963267948966, 0.5235987755982988, 0, 0, 0) 62 70
41 fsimplus(1.5707963267948966, 0.5235987755982988, 0, 0, 0) 64 72
41 fsimplus(1.5707963267948966, 0.5235987755982988, 0, 0, 0) 66 74
41 fsimplus(1.5707963267948966, 0.5235987755982988, 0, 0, 0) 71 79
41 fsimplus(1.5707963267948966, 0.5235987755982988, 0, 0, 0) 77 85
41 fsimplus(1.5707963267948966, 0.5235987755982988, 0, 0, 0) 78 86
42 x_1_2 9
42 hz_1_2 11
42 y_1_2 12
42 x_1_2 17
42 y_1_2 18
42 hz_1_2 19
42 y_1_2 20
42 x_1_2 21
42 y_1_2 25
42 x_1_2 26
42 hz_1_2 27
42 y_1_2 28
42 y_1_2 29
42 hz_1_2 31
42 x_1_2 32
42 x_1_2 33
42 y_1_2 34
42 y_1_2 35
42 x_1_2 36
42 y_1_2 37
42 hz_1_2 38
42 y_1_2 39
42 x_1_2 40
42 x_1_2 41
42 hz_1_2 42
42 x_1_2 43
42 x_1_2 44
42 y_1_2 45
42 y_1_2 46
42 y_1_2 47
42 x_1_2 48
42 x_1_2 50
42 y_1_2 51
42 hz_1_2 53
42 y_1_2 54
42 y_1_2 55
42 y_1_2 56
42 x_1_2 57
42 y_1_2 58
42 y_1_2 59
42 x_1_2 61
42 y_1_2 62
42 hz_1_2 63
42 x_1_2 64
42 y_1_2 65
42 hz_1_2 66
42 x_1_2 67
42 x_1_2 69
42 x_1_2 70
42 x_1_2 71
42 hz_1_2 72
42 y_1_2 74
42 x_1_2 77
42 hz_1_2 78
42 y_1_2 79
42 hz_1_2 81
42 hz_1_2 85
42 hz_1_2 86
42 hz_1_2 88
43 fsimplus(1.5707963267948966, 0.5235987755982988, 0, 0, 0) 9 17
43 fsimplus(1.5707963267948966, 0.5235987755982988, 0, 0, 0) 11 19
43 fsimplus(1.5707963267948966, 0.5235987755982988, 0, 0, 0) 12 20
43 fsimplus(1.5707963267948966, 0.5235987755982988, 0, 0, 0) 25 33
43 fsimplus(1.5707963267948966, 0.5235987755982988, 0, 0, 0) 26 34
43 fsimplus(1.5707963267948966, 0.5235987755982988, 0, 0, 0) 27 35
43 fsimplus(1.5707963267948966, 0.5235987755982988, 0, 0, 0) 28 36
43 fsimplus(1.5707963267948966, 0.5235987755982988, 0, 0, 0) 29 37
43 fsimplus(1.5707963267948966, 0.5235987755982988, 0, 0, 0) 38 46
43 fsimplus(1.5707963267948966, 0.5235987755982988, 0, 0, 0) 40 48
43 fsimplus(1.5707963267948966, 0.5235987755982988, 0, 0, 0) 42 50
43 fsimplus(1.5707963267948966, 0.5235987755982988, 0, 0, 0) 43 51
43 fsimplus(1.5707963267948966, 0.5235987755982988, 0, 0, 0) 47 55
43 fsimplus(1.5707963267948966, 0.5235987755982988, 0, 0, 0) 53 61
43 fsimplus(1.5707963267948966, 0.5235987755982988, 0, 0, 0) 54 62
43 fsimplus(1.5707963267948966, 0.5235987755982988, 0, 0, 0) 56 64
43 fsimplus(1.5707963267948966, 0.5235987755982988, 0, 0, 0) 57 65
43 fsimplus(1.5707963267948966, 0.5235987755982988, 0, 0, 0) 58 66
43 fsimplus(1.5707963267948966, 0.5235987755982988, 0, 0, 0) 59 67
43 fsimplus(1.5707963267948966, 0.5235987755982988, 0, 0, 0) 63 71
43 fsimplus(1.5707963267948966, 0.5235987755982988, 0, 0, 0) 69 77
43 fsimplus(1.5707963267948966, 0.5235987755982988, 0, 0, 0) 70 78
44 hz_1_2 9
44 y_1_2 11
44 hz_1_2 12
44 y_1_2 17
44 x_1_2 18
44 y_1_2 19
44 hz_1_2 20
44 hz_1_2 21
44 x_1_2 25
44 hz_1_2 26
44 y_1_2 27
44 hz_1_2 28
44 hz_1_2 29
44 y_1_2 31
44 y_1_2 32
44 y_1_2 33
44 hz_1_2 34
44 x_1_2 35
44 y_1_2 36
44 x_1_2 37
44 x_1_2 38
44 x_1_2 39
44 y_1_2 40
44 hz_1_2 41
44 x_1_2 42
44 y_1_2 43
44 y_1_2 44
44 x_1_2 45
44 hz_1_2 46
44 x_1_2 47
44 y_1_2 48
44 y_1_2 50
44 hz_1_2 51
44 y_1_2 53
44 x_1_2 54
44 x_1_2 55
44 hz_1_2 56
44 hz_1_2 57
44 hz_1_2 58
44 hz_1_2 59
44 y_1_2 61
44 x_1_2 62
44 y_1_2 63
44 y_1_2 64
44 x_1_2 65
44 x_1_2 66
44 y_1_2 67
44 hz_1_2 69
44 y_1_2 70
44 hz_1_2 71
44 y_1_2 72
44 x_1_2 74
44 hz_1_2 77
44 x_1_2 78
44 x_1_2 79
44 x_1_2 81
44 x_1_2 85
44 x_1_2 86
44 x_1_2 88
45 fsimplus(1.5707963267948966, 0.5235987755982988, 0, 0, 0) 11 18
45 fsimplus(1.5707963267948966, 0.5235987755982988, 0, 0, 0) 19 26
45 fsimplus(1.5707963267948966, 0.5235987755982988, 0, 0, 0) 25 32
45 fsimplus(1.5707963267948966, 0.5235987755982988, 0, 0, 0) 27 34
45 fsimplus(1.5707963267948966, 0.5235987755982988, 0, 0, 0) 28 35
45 fsimplus(1.5707963267948966, 0.5235987755982988, 0, 0, 0) 33 40
45 fsimplus(1.5707963267948966, 0.5235987755982988, 0, 0, 0) 36 43
45 fsimplus(1.5707963267948966, 0.5235987755982988, 0, 0, 0) 38 45
45 fsimplus(1.5707963267948966, 0.5235987755982988, 0, 0, 0) 39 46
45 fsimplus(1.5707963267948966, 0.5235987755982988, 0, 0, 0) 41 48
45 fsimplus(1.5707963267948966, 0.5235987755982988, 0, 0, 0) 44 51
45 fsimplus(1.5707963267948966, 0.5235987755982988, 0, 0, 0) 47 54
45 fsimplus(1.5707963267948966, 0.5235987755982988, 0, 0, 0) 50 57
45 fsimplus(1.5707963267948966, 0.5235987755982988, 0, 0, 0) 55 62
45 fsimplus(1.5707963267948966, 0.5235987755982988, 0, 0, 0) 56 63
45 fsimplus(1.5707963267948966, 0.5235987755982988, 0, 0, 0) 58 65
45 fsimplus(1.5707963267948966, 0.5235987755982988, 0, 0, 0) 59 66
45 fsimplus(1.5707963267948966, 0.5235987755982988, 0, 0, 0) 64 71
45 fsimplus(1.5707963267948966, 0.5235987755982988, 0, 0, 0) 67 74
45 fsimplus(1.5707963267948966, 0.5235987755982988, 0, 0, 0) 70 77
45 fsimplus(1.5707963267948966, 0.5235987755982988, 0, 0, 0) 72 79
45 fsimplus(1.5707963267948966, 0.5235987755982988, 0, 0, 0) 78 85
45 fsimplus(1.5707963267948966, 0.5235987755982988, 0, 0, 0) 81 88
46 y_1_2 9
46 x_1_2 11
46 x_1_2 12
46 hz_1_2 17
46 hz_1_2 18
46 x_1_2 19
46 x_1_2 20
46 y_1_2 21
46 y_1_2 25
46 y_1_2 26
46 hz_1_2 27
46 y_1_2 28
46 y_1_2 29
46 x_1_2 31
46 hz_1_2 32
46 x_1_2 33
46 y_1_2 34
46 y_1_2 35
46 hz_1_2 36
46 y_1_2 37
46 hz_1_2 38
46 hz_1_2 39
46 hz_1_2 40
46 y_1_2 41
46 hz_1_2 42
46 x_1_2 43
46 x_1_2 44
46 hz_1_2 45
46 y_1_2 46
46 hz_1_2 47
46 hz_1_2 48
46 hz_1_2 50
46 y_1_2 51
46 hz_1_2 53
46 hz_1_2 54
46 hz_1_2 55
46 y_1_2 56
46 x_1_2 57
46 x_1_2 58
46 y_1_2 59
46 x_1_2 61
46 y_1_2 62
46 x_1_2 63
46 x_1_2 64
46 y_1_2 65
46 y_1_2 66
46 hz_1_2 67
46 y_1_2 69
46 hz_1_2 70
46 y_1_2 71
46 hz_1_2 72
46 hz_1_2 74
46 y_1_2 77
46 y_1_2 78
46 hz_1_2 79
46 hz_1_2 81
46 y_1_2 85
46 y_1_2 86
46 y_1_2 88
47 fsimplus(1.5707963267948966, 0.5235987755982988, 0, 0, 0) 12 19
47 fsimplus(1.5707963267948966, 0.5235987755982988, 0, 0, 0) 18 25
47 fsimplus(1.5707963267948966, 0.5235987755982988, 0, 0, 0) 20 27
47 fsimplus(1.5707963267948966, 0.5235987755982988, 0, 0, 0) 21 28
47 fsimplus(1.5707963267948966, 0.5235987755982988, 0, 0, 0) 26 33
47 fsimplus(1.5707963267948966, 0.5235987755982988, 0, 0, 0) 29 36
47 fsimplus(1.5707963267948966, 0.5235987755982988, 0, 0, 0) 31 38
47 fsimplus(1.5707963267948966, 0.5235987755982988, 0, 0, 0) 32 39
47 fsimplus(1.5707963267948966, 0.5235987755982988, 0, 0, 0) 34 41
47 fsimplus(1.5707963267948966, 0.5235987755982988, 0, 0, 0) 35 42
47 fsimplus(1.5707963267948966, 0.5235987755982988, 0, 0, 0) 37 44
47 fsimplus(1.5707963267948966, 0.5235987755982988, 0, 0, 0) 40 47
47 fsimplus(1.5707963267948966, 0.5235987755982988, 0, 0, 0) 43 50
47 fsimplus(1.5707963267948966, 0.5235987755982988, 0, 0, 0) 46 53
47 fsimplus(1.5707963267948966, 0.5235987755982988, 0, 0, 0) 48 55
47 fsimplus(1.5707963267948966, 0.5235987755982988, 0, 0, 0) 51 58
47 fsimplus(1.5707963267948966, 0.5235987755982988, 0, 0, 0) 54 61
47 fsimplus(1.5707963267948966, 0.5235987755982988, 0, 0, 0) 57 64
47 fsimplus(1.5707963267948966, 0.5235987755982988, 0, 0, 0) 62 69
47 fsimplus(1.5707963267948966, 0.5235987755982988, 0, 0, 0) 63 70
47 fsimplus(1.5707963267948966, 0.5235987755982988, 0, 0, 0) 65 72
47 fsimplus(1.5707963267948966, 0.5235987755982988, 0, 0, 0) 71 78
47 fsimplus(1.5707963267948966, 0.5235987755982988, 0, 0, 0) 74 81
47 fsimplus(1.5707963267948966, 0.5235987755982988, 0, 0, 0) 79 86
48 x_1_2 9
48 y_1_2 11
48 hz_1_2 12
48 y_1_2 17
48 x_1_2 18
48 hz_1_2 19
48 y_1_2 20
48 x_1_2 21
48 hz_1_2 25
48 hz_1_2 26
48 x_1_2 27
48 hz_1_2 28
48 x_1_2 29
48 y_1_2 31
48 x_1_2 32
48 hz_1_2 33
48 hz_1_2 34
48 x_1_2 35
48 y_1_2 36
48 x_1_2 37
48 y_1_2 38
48 x_1_2 39
48 y_1_2 40
48 hz_1_2 41
48 y_1_2 42
48 hz_1_2 43
48 hz_1_2 44
48 x_1_2 45
48 x_1_2 46
48 y_1_2 47
48 y_1_2 48
48 y_1_2 50
48 hz_1_2 51
48 y_1_2 53
48 y_1_2 54
48 x_1_2 55
48 hz_1_2 56
48 hz_1_2 57
48 y_1_2 58
48 x_1_2 59
48 y_1_2 61
48 x_1_2 62
48 hz_1_2 63
48 hz_1_2 64
48 hz_1_2 65
48 x_1_2 66
48 x_1_2 67
48 x_1_2 69
48 x_1_2 70
48 x_1_2 71
48 y_1_2 72
48 x_1_2 74
48 hz_1_2 77
48 x_1_2 78
48 x_1_2 79
48 y_1_2 81
48 x_1_2 85
48 x_1_2 86
48 hz_1_2 88
49 fsimplus(1.5707963267948966, 0.5235987755982988, 0, 0, 0) 11 18
49 fsimplus(1.5707963267948966, 0.5235987755982988, 0, 0, 0) 19 26
49 fsimplus(1.5707963267948966, 0.5235987755982988, 0, 0, 0) 25 32
49 fsimplus(1.5707963267948966, 0.5235987755982988, 0, 0, 0) 27 34
49 fsimplus(1.5707963267948966, 0.5235987755982988, 0, 0, 0) 28 35
49 fsimplus(1.5707963267948966, 0.5235987755982988, 0, 0, 0) 33 40
49 fsimplus(1.5707963267948966, 0.5235987755982988, 0, 0, 0) 36 43
49 fsimplus(1.5707963267948966, 0.5235987755982988, 0, 0, 0) 38 45
49 fsimplus(1.5707963267948966, 0.5235987755982988, 0, 0, 0) 39 46
49 fsimplus(1.5707963267948966, 0.5235987755982988, 0, 0, 0) 41 48
49 fsimplus(1.5707963267948966, 0.5235987755982988, 0, 0, 0) 44 51
49 fsimplus(1.5707963267948966, 0.5235987755982988, 0, 0, 0) 47 54
49 fsimplus(1.5707963267948966, 0.5235987755982988, 0, 0, 0) 50 57
49 fsimplus(1.5707963267948966, 0.5235987755982988, 0, 0, 0) 55 62
49 fsimplus(1.5707963267948966, 0.5235987755982988, 0, 0, 0) 56 63
49 fsimplus(1.5707963267948966, 0.5235987755982988, 0, 0, 0) 58 65
49 fsimplus(1.5707963267948966, 0.5235987755982988, 0, 0, 0) 59 66
49 fsimplus(1.5707963267948966, 0.5235987755982988, 0, 0, 0) 64 71
49 fsimplus(1.5707963267948966, 0.5235987755982988, 0, 0, 0) 67 74
49 fsimplus(1.5707963267948966, 0.5235987755982988, 0, 0, 0) 70 77
49 fsimplus(1.5707963267948966, 0.5235987755982988, 0, 0, 0) 72 79
49 fsimplus(1.5707963267948966, 0.5235987755982988, 0, 0, 0) 78 85
49 fsimplus(1.5707963267948966, 0.5235987755982988, 0, 0, 0) 81 88
50 y_1_2 9
50 hz_1_2 11
50 x_1_2 12
50 hz_1_2 17
50 hz_1_2 18
50 y_1_2 19
50 hz_1_2 20
50 hz_1_2 21
50 y_1_2 25
50 x_1_2 26
50 hz_1_2 27
50 x_1_2 28
50 hz_1_2 29
50 x_1_2 31
50 y_1_2 32
50 y_1_2 33
50 y_1_2 34
50 hz_1_2 35
50 x_1_2 36
50 y_1_2 37
50 x_1_2 38
50 y_1_2 39
50 hz_1_2 40
50 y_1_2 41
50 x_1_2 42
50 y_1_2 43
50 y_1_2 44
50 hz_1_2 45
50 y_1_2 46
50 hz_1_2 47
50 hz_1_2 48
50 x_1_2 50
50 y_1_2 51
50 hz_1_2 53
50 x_1_2 54
50 y_1_2 55
50 x_1_2 56
50 y_1_2 57
50 x_1_2 58
50 y_1_2 59
50 hz_1_2 61
50 hz_1_2 62
50 x_1_2 63
50 x_1_2 64
50 x_1_2 65
50 y_1_2 66
50 y_1_2 67
50 hz_1_2 69
50 y_1_2 70
50 y_1_2 71
50 x_1_2 72
50 y_1_2 74
50 x_1_2 77
50 y_1_2 78
50 hz_1_2 79
50 hz_1_2 81
50 hz_1_2 85
50 y_1_2 86
50 y_1_2 88
51 fsimplus(1.5707963267948966, 0.5235987755982988, 0, 0, 0) 12 19
51 fsimplus(1.5707963267948966, 0.5235987755982988, 0, 0, 0) 18 25
51 fsimplus(1.5707963267948966, 0.5235987755982988, 0, 0, 0) 20 27
51 fsimplus(1.5707963267948966, 0.5235987755982988, 0, 0, 0) 21 28
51 fsimplus(1.5707963267948966, 0.5235987755982988, 0, 0, 0) 26 33
51 fsimplus(1.5707963267948966, 0.5235987755982988, 0, 0, 0) 29 36
51 fsimplus(1.5707963267948966, 0.5235987755982988, 0, 0, 0) 31 38
51 fsimplus(1.5707963267948966, 0.5235987755982988, 0, 0, 0) 32 39
51 fsimplus(1.5707963267948966, 0.5235987755982988, 0, 0, 0) 34 41
51 fsimplus(1.5707963267948966, 0.5235987755982988, 0, 0, 0) 35 42
51 fsimplus(1.5707963267948966, 0.5235987755982988, 0, 0, 0) 37 44
51 fsimplus(1.5707963267948966, 0.5235987755982988, 0, 0, 0) 40 47
51 fsimplus(1.5707963267948966, 0.5235987755982988, 0, 0, 0) 43 50
51 fsimplus(1.5707963267948966, 0.5235987755982988, 0, 0, 0) 46 53
51 fsimplus(1.5707963267948966, 0.5235987755982988, 0, 0, 0) 48 55
51 fsimplus(1.5707963267948966, 0.5235987755982988, 0, 0, 0) 51 58
51 fsimplus(1.5707963267948966, 0.5235987755982988, 0, 0, 0) 54 61
51 fsimplus(1.5707963267948966, 0.5235987755982988, 0, 0, 0) 57 64
51 fsimplus(1.5707963267948966, 0.5235987755982988, 0, 0, 0) 62 69
51 fsimplus(1.5707963267948966, 0.5235987755982988, 0, 0, 0) 63 70
51 fsimplus(1.5707963267948966, 0.5235987755982988, 0, 0, 0) 65 72
51 fsimplus(1.5707963267948966, 0.5235987755982988, 0, 0, 0) 71 78
51 fsimplus(1.5707963267948966, 0.5235987755982988, 0, 0, 0) 74 81
51 fsimplus(1.5707963267948966, 0.5235987755982988, 0, 0, 0) 79 86
52 x_1_2 9
52 x_1_2 11
52 y_1_2 12
52 x_1_2 17
52 x_1_2 18
52 hz_1_2 19
52 y_1_2 20
52 y_1_2 21
52 x_1_2 25
52 y_1_2 26
52 x_1_2 27
52 hz_1_2 28
52 y_1_2 29
52 hz_1_2 31
52 x_1_2 32
52 x_1_2 33
52 hz_1_2 34
52 y_1_2 35
52 hz_1_2 36
52 hz_1_2 37
52 y_1_2 38
52 x_1_2 39
52 y_1_2 40
52 x_1_2 41
52 y_1_2 42
52 hz_1_2 43
52 x_1_2 44
52 y_1_2 45
52 hz_1_2 46
52 y_1_2 47
52 y_1_2 48
52 hz_1_2 50
52 hz_1_2 51
52 y_1_2 53
52 y_1_2 54
52 hz_1_2 55
52 hz_1_2 56
52 x_1_2 57
52 y_1_2 58
52 hz_1_2 59
52 x_1_2 61
52 y_1_2 62
52 hz_1_2 63
52 y_1_2 64
52 y_1_2 65
52 x_1_2 66
52 x_1_2 67
52 x_1_2 69
52 x_1_2 70
52 hz_1_2 71
52 hz_1_2 72
52 hz_1_2 74
52 hz_1_2 77
52 hz_1_2 78
52 y_1_2 79
52 x_1_2 81
52 x_1_2 85
52 hz_1_2 86
52 hz_1_2 88
53 fsimplus(1.5707963267948966, 0.5235987755982988, 0, 0, 0) 17 25
53 fsimplus(1.5707963267948966, 0.5235987755982988, 0, 0, 0) 18 26
53 fsimplus(1.5707963267948966, 0.5235987755982988, 0, 0, 0) 19 27
53 fsimplus(1.5707963267948966, 0.5235987755982988, 0, 0, 0) 20 28
53 fsimplus(1.5707963267948966, 0.5235987755982988, 0, 0, 0) 21 29
53 fsimplus(1.5707963267948966, 0.5235987755982988, 0, 0, 0) 32 40
53 fsimplus(1.5707963267948966, 0.5235987755982988, 0, 0, 0) 33 41
53 fsimplus(1.5707963267948966, 0.5235987755982988, 0, 0, 0) 34 42
53 fsimplus(1.5707963267948966, 0.5235987755982988, 0, 0, 0) 35 43
53 fsimplus(1.5707963267948966, 0.5235987755982988, 0, 0, 0) 36 44
53 fsimplus(1.5707963267948966, 0.5235987755982988, 0, 0, 0) 45 53
53 fsimplus(1.5707963267948966, 0.5235987755982988, 0, 0, 0) 46 54
53 fsimplus(1.5707963267948966, 0.5235987755982988, 0, 0, 0) 48 56
53 fsimplus(1.5707963267948966, 0.5235987755982988, 0, 0, 0) 50 58
53 fsimplus(1.5707963267948966, 0.5235987755982988, 0, 0, 0) 51 59
53 fsimplus(1.5707963267948966, 0.5235987755982988, 0, 0, 0) 55 63
53 fsimplus(1.5707963267948966, 0.5235987755982988, 0, 0, 0) 61 69
53 fsimplus(1.5707963267948966, 0.5235987755982988, 0, 0, 0) 62 70
53 fsimplus(1.5707963267948966, 0.5235987755982988, 0, 0, 0) 64 72
53 fsimplus(1.5707963267948966, 0.5235987755982988, 0, 0, 0) 66 74
53 fsimplus(1.5707963267948966, 0.5235987755982988, 0, 0, 0) 71 79
53 fsimplus(1.5707963267948966, 0.5235987755982988, 0, 0, 0) 77 85
53 fsimplus(1.5707963267948966, 0.5235987755982988, 0, 0, 0) 78 86
54 hz_1_2 9
54 y_1_2 11
54 x_1_2 12
54 hz_1_2 17
54 y_1_2 18
54 x_1_2 19
54 hz_1_2 20
54 x_1_2 21
54 hz_1_2 25
54 x_1_2 26
54 y_1_2 27
54 x_1_2 28
54 hz_1_2 29
54 y_1_2 31
54 hz_1_2 32
54 y_1_2 33
54 y_1_2 34
54 x_1_2 35
54 y_1_2 36
54 y_1_2 37
54 hz_1_2 38
54 hz_1_2 39
54 hz_1_2 40
54 y_1_2 41
54 hz_1_2 42
54 x_1_2 43
54 hz_1_2 44
54 hz_1_2 45
54 y_1_2 46
54 hz_1_2 47
54 hz_1_2 48
54 x_1_2 50
54 y_1_2 51
54 hz_1_2 53
54 hz_1_2 54
54 y_1_2 55
54 y_1_2 56
54 y_1_2 57
54 x_1_2 58
54 y_1_2 59
54 y_1_2 61
54 x_1_2 62
54 y_1_2 63
54 hz_1_2 64
54 hz_1_2 65
54 y_1_2 66
54 y_1_2 67
54 y_1_2 69
54 y_1_2 70
54 y_1_2 71
54 x_1_2 72
54 y_1_2 74
54 y_1_2 77
54 x_1_2 78
54 x_1_2 79
54 y_1_2 81
54 hz_1_2 85
54 x_1_2 86
54 y_1_2 88
55 fsimplus(1.5707963267948966, 0.5235987755982988, 0, 0, 0) 9 17
55 fsimplus(1.5707963267948966, 0.5235987755982988, 0, 0, 0) 11 19
55 fsimplus(1.5707963267948966, 0.5235987755982988, 0, 0, 0) 12 20
55 fsimplus(1.5707963267948966, 0.5235987755982988, 0, 0, 0) 25 33
55 fsimplus(1.5707963267948966, 0.5235987755982988, 0, 0, 0) 26 34
55 fsimplus(1.5707963267948966, 0.5235987755982988, 0, 0, 0) 27 35
55 fsimplus(1.5707963267948966, 0.5235987755982988, 0, 0, 0) 28 36
55 fsimplus(1.5707963267948966, 0.5235987755982988, 0, 0, 0) 29 37
55 fsimplus(1.5707963267948966, 0.5235987755982988, 0, 0, 0) 38 46
55 fsimplus(1.5707963267948966, 0.5235987755982988, 0, 0, 0) 40 48
55 fsimplus(1.5707963267948966, 0.5235987755982988, 0, 0, 0) 42 50
55 fsimplus(1.5707963267948966, 0.5235987755982988, 0, 0, 0) 43 51
55 fsimplus(1.5707963267948966, 0.5235987755982988, 0, 0, 0) 47 55
55 fsimplus(1.5707963267948966, 0.5235987755982988, 0, 0, 0) 53 61
55 fsimplus(1.5707963267948966, 0.5235987755982988, 0, 0, 0) 54 62
55 fsimplus(1.5707963267948966, 0.5235987755982988, 0, 0, 0) 56 64
55 fsimplus(1.5707963267948966, 0.5235987755982988, 0, 0, 0) 57 65
55 fsimplus(1.5707963267948966, 0.5235987755982988, 0, 0, 0) 58 66
55 fsimplus(1.5707963267948966, 0.5235987755982988, 0, 0, 0) 59 67
55 fsimplus(1.5707963267948966, 0.5235987755982988, 0, 0, 0) 63 71
55 fsimplus(1.5707963267948966, 0.5235987755982988, 0, 0, 0) 69 77
55 fsimplus(1.5707963267948966, 0.5235987755982988, 0, 0, 0) 70 78
56 y_1_2 9
56 hz_1_2 11
56 y_1_2 12
56 y_1_2 17
56 x_1_2 18
56 hz_1_2 19
56 x_1_2 20
56 y_1_2 21
56 y_1_2 25
56 hz_1_2 26
56 hz_1_2 27
56 hz_1_2 28
56 x_1_2 29
56 x_1_2 31
56 x_1_2 32
56 hz_1_2 33
56 x_1_2 34
56 y_1_2 35
56 hz_1_2 36
56 hz_1_2 37
56 x_1_2 38
56 y_1_2 39
56 x_1_2 40
56 hz_1_2 41
56 x_1_2 42
56 y_1_2 43
56 x_1_2 44
56 y_1_2 45
56 hz_1_2 46
56 y_1_2 47
56 y_1_2 48
56 hz_1_2 50
56 x_1_2 51
56 y_1_2 53
56 y_1_2 54
56 x_1_2 55
56 hz_1_2 56
56 hz_1_2 57
56 hz_1_2 58
56 x_1_2 59
56 x_1_2 61
56 hz_1_2 62
56 hz_1_2 63
56 y_1_2 64
56 y_1_2 65
56 hz_1_2 66
56 x_1_2 67
56 hz_1_2 69
56 x_1_2 70
56 hz_1_2 71
56 hz_1_2 72
56 x_1_2 74
56 hz_1_2 77
56 y_1_2 78
56 hz_1_2 79
56 hz_1_2 81
56 y_1_2 85
56 hz_1_2 86
56 hz_1_2 88
57 fsimplus(1.5707963267948966, 0.5235987755982988, 0, 0, 0) 17 25
57 fsimplus(1.5707963267948966, 0.5235987755982988, 0, 0, 0) 18 26
57 fsimplus(1.5707963267948966, 0.5235987755982988, 0, 0, 0) 19 27
57 fsimplus(1.5707963267948966, 0.5235987755982988, 0, 0, 0) 20 28
57 fsimplus(1.5707963267948966, 0.5235987755982988, 0, 0, 0) 21 29
57 fsimplus(1.5707963267948966, 0.5235987755982988, 0, 0, 0) 32 40
57 fsimplus(1.5707963267948966, 0.5235987755982988, 0, 0, 0) 33 41
57 fsimplus(1.5707963267948966, 0.5235987755982988, 0, 0, 0) 34 42
57 fsimplus(1.5707963267948966, 0.5235987755982988, 0, 0, 0) 35 43
57 fsimplus(1.5707963267948966, 0.5235987755982988, 0, 0, 0) 36 44
57 fsimplus(1.5707963267948966, 0.5235987755982988, 0, 0, 0) 45 53
57 fsimplus(1.5707963267948966, 0.5235987755982988, 0, 0, 0) 46 54
57 fsimplus(1.5707963267948966, 0.5235987755982988, 0, 0, 0) 48 56
57 fsimplus(1.5707963267948966, 0.5235987755982988, 0, 0, 0) 50 58
57 fsimplus(1.5707963267948966, 0.5235987755982988, 0, 0, 0) 51 59
57 fsimplus(1.5707963267948966, 0.5235987755982988, 0, 0, 0) 55 63
57 fsimplus(1.5707963267948966, 0.5235987755982988, 0, 0, 0) 61 69
57 fsimplus(1.5707963267948966, 0.5235987755982988, 0, 0, 0) 62 70
57 fsimplus(1.5707963267948966, 0.5235987755982988, 0, 0, 0) 64 72
57 fsimplus(1.5707963267948966, 0.5235987755982988, 0, 0, 0) 66 74
57 fsimplus(1.5707963267948966, 0.5235987755982988, 0, 0, 0) 71 79
57 fsimplus(1.5707963267948966, 0.5235987755982988, 0, 0, 0) 77 85
57 fsimplus(1.5707963267948966, 0.5235987755982988, 0, 0, 0) 78 86
58 hz_1_2 9
58 y_1_2 11
58 hz_1_2 12
58 x_1_2 17
58 y_1_2 18
58 y_1_2 19
58 y_1_2 20
58 hz_1_2 21
58 hz_1_2 25
58 x_1_2 26
58 y_1_2 27
58 x_1_2 28
58 hz_1_2 29
58 y_1_2 31
58 y_1_2 32
58 x_1_2 33
58 y_1_2 34
58 hz_1_2 35
58 y_1_2 36
58 y_1_2 37
58 hz_1_2 38
58 x_1_2 39
58 y_1_2 40
58 x_1_2 41
58 y_1_2 42
58 hz_1_2 43
58 hz_1_2 44
58 x_1_2 45
58 x_1_2 46
58 x_1_2 47
58 hz_1_2 48
58 y_1_2 50
58 y_1_2 51
58 hz_1_2 53
58 x_1_2 54
58 y_1_2 55
58 y_1_2 56
58 y_1_2 57
58 x_1_2 58
58 hz_1_2 59
58 hz_1_2 61
58 x_1_2 62
58 x_1_2 63
58 hz_1_2 64
58 hz_1_2 65
58 y_1_2 66
58 hz_1_2 67
58 y_1_2 69
58 hz_1_2 70
58 x_1_2 71
58 y_1_2 72
58 y_1_2 74
58 x_1_2 77
58 hz_1_2 78
58 y_1_2 79
58 x_1_2 81
58 x_1_2 85
58 x_1_2 86
58 y_1_2 88
59 fsimplus(1.5707963267948966, 0.5235987755982988, 0, 0, 0) 9 17
59 fsimplus(1.5707963267948966, 0.5235987755982988, 0, 0, 0) 11 19
59 fsimplus(1.5707963267948966, 0.5235987755982988, 0, 0, 0) 12 20
59 fsimplus(1.5707963267948966, 0.5235987755982988, 0, 0, 0) 25 33
59 fsimplus(1.5707963267948966, 0.5235987755982988, 0, 0, 0) 26 34
59 fsimplus(1.5707963267948966, 0.5235987755982988, 0, 0, 0) 27 35
59 fsimplus(1.5707963267948966, 0.5235987755982988, 0, 0, 0) 28 36
59 fsimplus(1.5707963267948966, 0.5235987755982988, 0, 0, 0) 29 37
59 fsimplus(1.5707963267948966, 0.5235987755982988, 0, 0, 0) 38 46
59 fsimplus(1.5707963267948966, 0.5235987755982988, 0, 0, 0) 40 48
59 fsimplus(1.5707963267948966, 0.5235987755982988, 0, 0, 0) 42 50
59 fsimplus(1.5707963267948966, 0.5235987755982988, 0, 0, 0) 43 51
59 fsimplus(1.5707963267948966, 0.5235987755982988, 0, 0, 0) 47 55
59 fsimplus(1.5707963267948966, 0.5235987755982988, 0, 0, 0) 53 61
59 fsimplus(1.5707963267948966, 0.5235987755982988, 0, 0, 0) 54 62
59 fsimplus(1.5707963267948966, 0.5235987755982988, 0, 0, 0) 56 64
59 fsimplus(1.5707963267948966, 0.5235987755982988, 0, 0, 0) 57 65
59 fsimplus(1.5707963267948966, 0.5235987755982988, 0, 0, 0) 58 66
59 fsimplus(1.5707963267948966, 0.5235987755982988, 0, 0, 0) 59 67
59 fsimplus(1.5707963267948966, 0.5235987755982988, 0, 0, 0) 63 71
59 fsimplus(1.5707963267948966, 0.5235987755982988, 0, 0, 0) 69 77
59 fsimplus(1.5707963267948966, 0.5235987755982988, 0, 0, 0) 70 78
60 x_1_2 9
60 x_1_2 11
60 y_1_2 12
60 hz_1_2 17
60 hz_1_2 18
60 x_1_2 19
60 hz_1_2 20
60 y_1_2 21
60 y_1_2 25
60 hz_1_2 26
60 hz_1_2 27
60 y_1_2 28
60 x_1_2 29
60 hz_1_2 31
60 x_1_2 32
60 hz_1_2 33
60 hz_1_2 34
60 x_1_2 35
60 hz_1_2 36
60 x_1_2 37
60 x_1_2 38
60 hz_1_2 39
60 hz_1_2 40
60 hz_1_2 41
60 x_1_2 42
60 x_1_2 43
60 y_1_2 44
60 hz_1_2 45
60 y_1_2 46
60 y_1_2 47
60 y_1_2 48
60 x_1_2 50
60 x_1_2 51
60 x_1_2 53
60 hz_1_2 54
60 hz_1_2 55
60 hz_1_2 56
60 x_1_2 57
60 hz_1_2 58
60 y_1_2 59
60 x_1_2 61
60 hz_1_2 62
60 y_1_2 63
60 y_1_2 64
60 y_1_2 65
60 x_1_2 66
60 x_1_2 67
60 hz_1_2 69
60 y_1_2 70
60 hz_1_2 71
60 x_1_2 72
60 x_1_2 74
60 y_1_2 77
60 y_1_2 78
60 hz_1_2 79
60 hz_1_2 81
60 y_1_2 85
60 hz_1_2 86
60 x_1_2 88
61 fsimplus(1.5707963267948966, 0.5235987755982988, 0, 0, 0) 11 18
61 fsimplus(1.5707963267948966, 0.5235987755982988, 0, 0, 0) 19 26
61 fsimplus(1.5707963267948966, 0.5235987755982988, 0, 0, 0) 25 32
61 fsimplus(1.5707963267948966, 0.5235987755982988, 0, 0, 0) 27 34
61 fsimplus(1.5707963267948966, 0.5235987755982988, 0, 0, 0) 28 35
61 fsimplus(1.5707963267948966, 0.5235987755982988, 0, 0, 0) 33 40
61 fsimplus(1.5707963267948966, 0.5235987755982988, 0, 0, 0) 36 43
61 fsimplus(1.5707963267948966, 0.5235987755982988, 0, 0, 0) 38 45
61 fsimplus(1.5707963267948966, 0.5235987755982988, 0, 0, 0) 39 46
61 fsimplus(1.5707963267948966, 0.5235987755982988, 0, 0, 0) 41 48
61 fsimplus(1.5707963267948966, 0.5235987755982988, 0, 0, 0) 44 51
61 fsimplus(1.5707963267948966, 0.5235987755982988, 0, 0, 0) 47 54
61 fsimplus(1.5707963267948966, 0.5235987755982988, 0, 0, 0) 50 57
61 fsimplus(1.5707963267948966, 0.5235987755982988, 0, 0, 0) 55 62
61 fsimplus(1.5707963267948966, 0.5235987755982988, 0, 0, 0) 56 63
61 fsimplus(1.5707963267948966, 0.5235987755982988, 0, 0, 0) 58 65
61 fsimplus(1.5707963267948966, 0.5235987755982988, 0, 0, 0) 59 66
61 fsimplus(1.5707963267948966, 0.5235987755982988, 0, 0, 0) 64 71
61 fsimplus(1.5707963267948966, 0.5235987755982988, 0, 0, 0) 67 74
61 fsimplus(1.5707963267948966, 0.5235987755982988, 0, 0, 0) 70 77
61 fsimplus(1.5707963267948966, 0.5235987755982988, 0, 0, 0) 72 79
61 fsimplus(1.5707963267948966, 0.5235987755982988, 0, 0, 0) 78 85
61 fsimplus(1.5707963267948966, 0.5235987755982988, 0, 0, 0) 81 88
62 y_1_2 9
62 hz_1_2 11
62 hz_1_2 12
62 x_1_2 17
62 y_1_2 18
62 y_1_2 19
62 x_1_2 20
62 x_1_2 21
62 hz_1_2 25
62 x_1_2 26
62 x_1_2 27
62 x_1_2 28
62 hz_1_2 29
62 x_1_2 31
62 hz_1_2 32
62 x_1_2 33
62 x_1_2 34
62 y_1_2 35
62 x_1_2 36
62 y_1_2 37
62 hz_1_2 38
62 x_1_2 39
62 x_1_2 40
62 y_1_2 41
62 y_1_2 42
62 hz_1_2 43
62 x_1_2 44
62 y_1_2 45
62 x_1_2 46
62 hz_1_2 47
62 x_1_2 48
62 y_1_2 50
62 y_1_2 51
62 y_1_2 53
62 y_1_2 54
62 y_1_2 55
62 y_1_2 56
62 hz_1_2 57
62 y_1_2 58
62 hz_1_2 59
62 y_1_2 61
62 y_1_2 62
62 hz_1_2 63
62 x_1_2 64
62 hz_1_2 65
62 hz_1_2 66
62 hz_1_2 67
62 x_1_2 69
62 x_1_2 70
62 x_1_2 71
62 y_1_2 72
62 y_1_2 74
62 x_1_2 77
62 hz_1_2 78
62 y_1_2 79
62 y_1_2 81
62 x_1_2 85
62 x_1_2 86
62 hz_1_2 88
63 fsimplus(1.5707963267948966, 0.5235987755982988, 0, 0, 0) 12 19
63 fsimplus(1.5707963267948966, 0.5235987755982988, 0, 0, 0) 18 25
63 fsimplus(1.5707963267948966, 0.5235987755982988, 0, 0, 0) 20 27
63 fsimplus(1.5707963267948966, 0.5235987755982988, 0, 0, 0) 21 28
63 fsimplus(1.5707963267948966, 0.5235987755982988, 0, 0, 0) 26 33
63 fsimplus(1.5707963267948966, 0.5235987755982988, 0, 0, 0) 29 36
63 fsimplus(1.5707963267948966, 0.5235987755982988, 0, 0, 0) 31 38
63 fsimplus(1.5707963267948966, 0.5235987755982988, 0, 0, 0) 32 39
63 fsimplus(1.5707963267948966, 0.5235987755982988, 0, 0, 0) 34 41
63 fsimplus(1.5707963267948966, 0.5235987755982988, 0, 0, 0) 35 42
63 fsimplus(1.5707963267948966, 0.5235987755982988, 0, 0, 0) 37 44
63 fsimplus(1.5707963267948966, 0.5235987755982988, 0, 0, 0) 40 47
63 fsimplus(1.5707963267948966, 0.5235987755982988, 0, 0, 0) 43 50
63 fsimplus(1.5707963267948966, 0.5235987755982988, 0, 0, 0) 46 53
63 fsimplus(1.5707963267948966, 0.5235987755982988, 0, 0, 0) 48 55
63 fsimplus(1.5707963267948966, 0.5235987755982988, 0, 0, 0) 51 58
63 fsimplus(1.5707963267948966, 0.5235987755982988, 0, 0, 0) 54 61
63 fsimplus(1.5707963267948966, 0.5235987755982988, 0, 0, 0) 57 64
63 fsimplus(1.5707963267948966, 0.5235987755982988, 0, 0, 0) 62 69
63 fsimplus(1.5707963267948966, 0.5235987755982988, 0, 0, 0) 63 70
63 fsimplus(1.5707963267948966, 0.5235987755982988, 0, 0, 0) 65 72
63 fsimplus(1.5707963267948966, 0.5235987755982988, 0, 0, 0) 71 78
63 fsimplus(1.5707963267948966, 0.5235987755982988, 0, 0, 0) 74 81
63 fsimplus(1.5707963267948966, 0.5235987755982988, 0, 0, 0) 79 86
64 x_1_2 9
64 x_1_2 11
64 x_1_2 12
64 y_1_2 17
64 x_1_2 18
64 x_1_2 19
64 hz_1_2 20
64 y_1_2 21
64 x_1_2 25
64 y_1_2 26
64 y_1_2 27
64 hz_1_2 28
64 y_1_2 29
64 y_1_2 31
64 y_1_2 32
64 y_1_2 33
64 hz_1_2 34
64 x_1_2 35
64 y_1_2 36
64 hz_1_2 37
64 y_1_2 38
64 hz_1_2 39
64 hz_1_2 40
64 hz_1_2 41
64 x_1_2 42
64 x_1_2 43
64 hz_1_2 44
64 hz_1_2 45
64 hz_1_2 46
64 x_1_2 47
64 y_1_2 48
64 x_1_2 50
64 x_1_2 51
64 x_1_2 53
64 x_1_2 54
64 x_1_2 55
64 hz_1_2 56
64 y_1_2 57
64 hz_1_2 58
64 y_1_2 59
64 x_1_2 61
64 hz_1_2 62
64 y_1_2 63
64 y_1_2 64
64 y_1_2 65
64 y_1_2 66
64 y_1_2 67
64 y_1_2 69
64 y_1_2 70
64 y_1_2 71
64 x_1_2 72
64 hz_1_2 74
64 y_1_2 77
64 x_1_2 78
64 x_1_2 79
64 x_1_2 81
64 y_1_2 85
64 hz_1_2 86
64 x_1_2 88
65 fsimplus(1.5707963267948966, 0.5235987755982988, 0, 0, 0) 11 18
65 fsimplus(1.5707963267948966, 0.5235987755982988, 0, 0, 0) 19 26
65 fsimplus(1.5707963267948966, 0.5235987755982988, 0, 0, 0) 25 32
65 fsimplus(1.5707963267948966, 0.5235987755982988, 0, 0, 0) 27 34
65 fsimplus(1.5707963267948966, 0.5235987755982988, 0, 0, 0) 28 35
65 fsimplus(1.5707963267948966, 0.5235987755982988, 0, 0, 0) 33 40
65 fsimplus(1.5707963267948966, 0.5235987755982988, 0, 0, 0) 36 43
65 fsimplus(1.5707963267948966, 0.5235987755982988, 0, 0, 0) 38 45
65 fsimplus(1.5707963267948966, 0.5235987755982988, 0, 0, 0) 39 46
65 fsimplus(1.5707963267948966, 0.5235987755982988, 0, 0, 0) 41 48
65 fsimplus(1.5707963267948966, 0.5235987755982988, 0, 0, 0) 44 51
65 fsimplus(1.5707963267948966, 0.5235987755982988, 0, 0, 0) 47 54
65 fsimplus(1.5707963267948966, 0.5235987755982988, 0, 0, 0) 50 57
65 fsimplus(1.5707963267948966, 0.5235987755982988, 0, 0, 0) 55 62
65 fsimplus(1.5707963267948966, 0.5235987755982988, 0, 0, 0) 56 63
65 fsimplus(1.5707963267948966, 0.5235987755982988, 0, 0, 0) 58 65
65 fsimplus(1.5707963267948966, 0.5235987755982988, 0, 0, 0) 59 66
65 fsimplus(1.5707963267948966, 0.5235987755982988, 0, 0, 0) 64 71
65 fsimplus(1.5707963267948966, 0.5235987755982988, 0, 0, 0) 67 74
65 fsimplus(1.5707963267948966, 0.5235987755982988, 0, 0, 0) 70 77
65 fsimplus(1.5707963267948966, 0.5235987755982988, 0, 0, 0) 72 79
65 fsimplus(1.5707963267948966, 0.5235987755982988, 0, 0, 0) 78 85
65 fsimplus(1.5707963267948966, 0.5235987755982988, 0, 0, 0) 81 88
66 hz_1_2 9
66 y_1_2 11
66 y_1_2 12
66 x_1_2 17
66 y_1_2 18
66 hz_1_2 19
66 x_1_2 20
66 hz_1_2 21
66 y_1_2 25
66 hz_1_2 26
66 x_1_2 27
66 x_1_2 28
66 hz_1_2 29
66 hz_1_2 31
66 x_1_2 32
66 hz_1_2 33
66 x_1_2 34
66 y_1_2 35
66 hz_1_2 36
66 y_1_2 37
66 hz_1_2 38
66 y_1_2 39
66 y_1_2 40
66 y_1_2 41
66 hz_1_2 42
66 y_1_2 43
66 y_1_2 44
66 x_1_2 45
66 y_1_2 46
66 hz_1_2 47
66 x_1_2 48
66 hz_1_2 50
66 y_1_2 51
66 hz_1_2 53
66 hz_1_2 54
66 hz_1_2 55
66 x_1_2 56
66 x_1_2 57
66 x_1_2 58
66 hz_1_2 59
66 hz_1_2 61
66 x_1_2 62
66 hz_1_2 63
66 hz_1_2 64
66 hz_1_2 65
66 hz_1_2 66
66 hz_1_2 67
66 x_1_2 69
66 x_1_2 70
66 x_1_2 71
66 hz_1_2 72
66 x_1_2 74
66 x_1_2 77
66 hz_1_2 78
66 y_1_2 79
66 hz_1_2 81
66 x_1_2 85
66 x_1_2 86
66 y_1_2 88
67 fsimplus(1.5707963267948966, 0.5235987755982988, 0, 0, 0) 12 19
67 fsimplus(1.5707963267948966, 0.5235987755982988, 0, 0, 0) 18 25
67 fsimplus(1.5707963267948966, 0.5235987755982988, 0, 0, 0) 20 27
67 fsimplus(1.5707963267948966, 0.5235987755982988, 0, 0, 0) 21 28
67 fsimplus(1.5707963267948966, 0.5235987755982988, 0, 0, 0) 26 33
67 fsimplus(1.5707963267948966, 0.5235987755982988, 0, 0, 0) 29 36
67 fsimplus(1.5707963267948966, 0.5235987755982988, 0, 0, 0) 31 38
67 fsimplus(1.5707963267948966, 0.5235987755982988, 0, 0, 0) 32 39
67 fsimplus(1.5707963267948966, 0.5235987755982988, 0, 0, 0) 34 41
67 fsimplus(1.5707963267948966, 0.5235987755982988, 0, 0, 0) 35 42
67 fsimplus(1.5707963267948966, 0.5235987755982988, 0, 0, 0) 37 44
67 fsimplus(1.5707963267948966, 0.5235987755982988, 0, 0, 0) 40 47
67 fsimplus(1.5707963267948966, 0.5235987755982988, 0, 0, 0) 43 50
67 fsimplus(1.5707963267948966, 0.5235987755982988, 0, 0, 0) 46 53
67 fsimplus(1.5707963267948966, 0.5235987755982988, 0, 0, 0) 48 55
67 fsimplus(1.5707963267948966, 0.5235987755982988, 0, 0, 0) 51 58
67 fsimplus(1.5707963267948966, 0.5235987755982988, 0, 0, 0) 54 61
67 fsimplus(1.5707963267948966, 0.5235987755982988, 0, 0, 0) 57 64
67 fsimplus(1.5707963267948966, 0.5235987755982988, 0, 0, 0) 62 69
67 fsimplus(1.5707963267948966, 0.5235987755982988, 0, 0, 0) 63 70
67 fsimplus(1.5707963267948966, 0.5235987755982988, 0, 0, 0) 65 72
67 fsimplus(1.5707963267948966, 0.5235987755982988, 0, 0, 0) 71 78
67 fsimplus(1.5707963267948966, 0.5235987755982988, 0, 0, 0) 74 81
67 fsimplus(1.5707963267948966, 0.5235987755982988, 0, 0, 0) 79 86
68 y_1_2 9
68 hz_1_2 11
68 x_1_2 12
68 hz_1_2 17
68 x_1_2 18
68 x_1_2 19
68 y_1_2 20
68 x_1_2 21
68 x_1_2 25
68 x_1_2 26
68 hz_1_2 27
68 hz_1_2 28
68 x_1_2 29
68 x_1_2 31
68 hz_1_2 32
68 x_1_2 33
68 y_1_2 34
68 hz_1_2 35
68 x_1_2 36
68 hz_1_2 37
68 y_1_2 38
68 hz_1_2 39
68 x_1_2 40
68 x_1_2 41
68 x_1_2 42
68 hz_1_2 43
68 x_1_2 44
68 y_1_2 45
68 x_1_2 46
68 y_1_2 47
68 hz_1_2 48
68 y_1_2 50
68 x_1_2 51
68 x_1_2 53
68 y_1_2 54
68 x_1_2 55
68 hz_1_2 56
68 y_1_2 57
68 hz_1_2 58
68 y_1_2 59
68 x_1_2 61
68 y_1_2 62
68 x_1_2 63
68 x_1_2 64
68 x_1_2 65
68 y_1_2 66
68 x_1_2 67
68 y_1_2 69
68 hz_1_2 70
68 hz_1_2 71
68 x_1_2 72
68 y_1_2 74
68 y_1_2 77
68 y_1_2 78
68 hz_1_2 79
68 y_1_2 81
68 hz_1_2 85
68 hz_1_2 86
68 hz_1_2 88
69 fsimplus(1.5707963267948966, 0.5235987755982988, 0, 0, 0) 17 25
69 fsimplus(1.5707963267948966, 0.5235987755982988, 0, 0, 0) 18 26
69 fsimplus(1.5707963267948966, 0.5235987755982988, 0, 0, 0) 19 27
69 fsimplus(1.5707963267948966, 0.5235987755982988, 0, 0, 0) 20 28
69 fsimplus(1.5707963267948966, 0.5235987755982988, 0, 0, 0) 21 29
69 fsimplus(1.5707963267948966, 0.5235987755982988, 0, 0, 0) 32 40
69 fsimplus(1.5707963267948966, 0.5235987755982988, 0, 0, 0) 33 41
69 fsimplus(1.5707963267948966, 0.5235987755982988, 0, 0, 0) 34 42
69 fsimplus(1.5707963267948966, 0.5235987755982988, 0, 0, 0) 35 43
69 fsimplus(1.5707963267948966, 0.5235987755982988, 0, 0, 0) 36 44
69 fsimplus(1.5707963267948966, 0.5235987755982988, 0, 0, 0) 45 53
69 fsimplus(1.5707963267948966, 0.5235987755982988, 0, 0, 0) 46 54
69 fsimplus(1.5707963267948966, 0.5235987755982988, 0, 0, 0) 48 56
69 fsimplus(1.5707963267948966, 0.5235987755982988, 0, 0, 0) 50 58
69 fsimplus(1.5707963267948966, 0.5235987755982988, 0, 0, 0) 51 59
69 fsimplus(1.5707963267948966, 0.5235987755982988, 0, 0, 0) 55 63
69 fsimplus(1.5707963267948966, 0.5235987755982988, 0, 0, 0) 61 69
69 fsimplus(1.5707963267948966, 0.5235987755982988, 0, 0, 0) 62 70
69 fsimplus(1.5707963267948966, 0.5235987755982988, 0, 0, 0) 64 72
69 fsimplus(1.5707963267948966, 0.5235987755982988, 0, 0, 0) 66 74
69 fsimplus(1.5707963267948966, 0.5235987755982988, 0, 0, 0) 71 79
69 fsimplus(1.5707963267948966, 0.5235987755982988, 0, 0, 0) 77 85
69 fsimplus(1.5707963267948966, 0.5235987755982988, 0, 0, 0) 78 86
70 hz_1_2 9
70 x_1_2 11
70 y_1_2 12
70 y_1_2 17
70 hz_1_2 18
70 hz_1_2 19
70 hz_1_2 20
70 hz_1_2 21
70 y_1_2 25
70 y_1_2 26
70 x_1_2 27
70 x_1_2 28
70 y_1_2 29
70 y_1_2 31
70 y_1_2 32
70 y_1_2 33
70 x_1_2 34
70 x_1_2 35
70 hz_1_2 36
70 y_1_2 37
70 x_1_2 38
70 x_1_2 39
70 y_1_2 40
70 y_1_2 41
70 hz_1_2 42
70 x_1_2 43
70 y_1_2 44
70 hz_1_2 45
70 y_1_2 46
70 x_1_2 47
70 y_1_2 48
70 x_1_2 50
70 hz_1_2 51
70 hz_1_2 53
70 x_1_2 54
70 hz_1_2 55
70 y_1_2 56
70 x_1_2 57
70 y_1_2 58
70 hz_1_2 59
70 hz_1_2 61
70 x_1_2 62
70 y_1_2 63
70 y_1_2 64
70 y_1_2 65
70 hz_1_2 66
70 hz_1_2 67
70 hz_1_2 69
70 x_1_2 70
70 y_1_2 71
70 hz_1_2 72
70 hz_1_2 74
70 hz_1_2 77
70 hz_1_2 78
70 y_1_2 79
70 hz_1_2 81
70 x_1_2 85
70 y_1_2 86
70 y_1_2 88
71 fsimplus(1.5707963267948966, 0.5235987755982988, 0, 0, 0) 9 17
71 fsimplus(1.5707963267948966, 0.5235987755982988, 0, 0, 0) 11 19
71 fsimplus(1.5707963267948966, 0.5235987755982988, 0, 0, 0) 12 20
71 fsimplus(1.5707963267948966, 0.5235987755982988, 0, 0, 0) 25 33
71 fsimplus(1.5707963267948966, 0.5235987755982988, 0, 0, 0) 26 34
71 fsimplus(1.5707963267948966, 0.5235987755982988, 0, 0, 0) 27 35
71 fsimplus(1.5707963267948966, 0.5235987755982988, 0, 0, 0) 28 36
71 fsimplus(1.5707963267948966, 0.5235987755982988, 0, 0, 0) 29 37
71 fsimplus(1.5707963267948966, 0.5235987755982988, 0, 0, 0) 38 46
71 fsimplus(1.5707963267948966, 0.5235987755982988, 0, 0, 0) 40 48
71 fsimplus(1.5707963267948966, 0.5235987755982988, 0, 0, 0) 42 50
71 fsimplus(1.5707963267948966, 0.5235987755982988, 0, 0, 0) 43 51
71 fsimplus(1.5707963267948966, 0.5235987755982988, 0, 0, 0) 47 55
71 fsimplus(1.5707963267948966, 0.5235987755982988, 0, 0, 0) 53 61
71 fsimplus(1.5707963267948966, 0.5235987755982988, 0, 0, 0) 54 62
71 fsimplus(1.5707963267948966, 0.5235987755982988, 0, 0, 0) 56 64
71 fsimplus(1.5707963267948966, 0.5235987755982988, 0, 0, 0) 57 65
71 fsimplus(1.5707963267948966, 0.5235987755982988, 0, 0, 0) 58 66
71 fsimplus(1.5707963267948966, 0.5235987755982988, 0, 0, 0) 59 67
71 fsimplus(1.5707963267948966, 0.5235987755982988, 0, 0, 0) 63 71
71 fsimplus(1.5707963267948966, 0.5235987755982988, 0, 0, 0) 69 77
71 fsimplus(1.5707963267948966, 0.5235987755982988, 0, 0, 0) 70 78
72 x_1_2 9
72 hz_1_2 11
72 x_1_2 12
72 x_1_2 17
72 x_1_2 18
72 y_1_2 19
72 x_1_2 20
72 y_1_2 21
72 hz_1_2 25
72 hz_1_2 26
72 hz_1_2 27
72 hz_1_2 28
72 x_1_2 29
72 x_1_2 31
72 x_1_2 32
72 x_1_2 33
72 hz_1_2 34
72 hz_1_2 35
72 x_1_2 36
72 hz_1_2 37
72 y_1_2 38
72 y_1_2 39
72 x_1_2 40
72 hz_1_2 41
72 y_1_2 42
72 y_1_2 43
72 hz_1_2 44
72 x_1_2 45
72 hz_1_2 46
72 y_1_2 47
72 hz_1_2 48
72 hz_1_2 50
72 y_1_2 51
72 y_1_2 53
72 hz_1_2 54
72 y_1_2 55
72 hz_1_2 56
72 y_1_2 57
72 hz_1_2 58
72 y_1_2 59
72 y_1_2 61
72 hz_1_2 62
72 x_1_2 63
72 hz_1_2 64
72 hz_1_2 65
72 x_1_2 66
72 y_1_2 67
72 x_1_2 69
72 hz_1_2 70
72 x_1_2 71
72 x_1_2 72
72 y_1_2 74
72 x_1_2 77
72 x_1_2 78
72 x_1_2 79
72 y_1_2 81
72 y_1_2 85
72 hz_1_2 86
72 x_1_2 88