53
0 y_1_2 11
0 x_1_2 12
0 hz_1_2 17
0 hz_1_2 18
0 hz_1_2 19
0 hz_1_2 20
0 x_1_2 25
0 hz_1_2 26
0 x_1_2 27
0 hz_1_2 28
0 hz_1_2 29
0 x_1_2 31
0 y_1_2 32
0 x_1_2 33
0 x_1_2 34
0 x_1_2 35
0 hz_1_2 36
0 y_1_2 37
0 x_1_2 38
0 y_1_2 39
0 x_1_2 40
0 x_1_2 41
0 x_1_2 42
0 x_1_2 43
0 y_1_2 44
0 x_1_2 45
0 x_1_2 46
0 hz_1_2 47
0 x_1_2 48
0 y_1_2 50
0 y_1_2 51
0 hz_1_2 53
0 x_1_2 54
0 hz_1_2 55
0 hz_1_2 56
0 x_1_2 57
0 hz_1_2 58
0 x_1_2 59
0 y_1_2 61
0 hz_1_2 62
0 hz_1_2 63
0 y_1_2 64
0 y_1_2 65
0 hz_1_2 66
0 x_1_2 67
0 y_1_2 69
0 hz_1_2 70
0 x_1_2 71
0 y_1_2 72
0 hz_1_2 74
0 hz_1_2 77
0 y_1_2 78
0 y_1_2 79
1 fsimplus(1.5707963267948966, 0.5235987755982988, 0, 0, 0) 11 18
1 fsimplus(1.5707963267948966, 0.5235987755982988, 0, 0, 0) 19 26
1 fsimplus(1.5707963267948966, 0.5235987755982988, 0, 0, 0) 25 32
1 fsimplus(1.5707963267948966, 0.5235987755982988, 0, 0, 0) 27 34
1 fsimplus(1.5707963267948966, 0.5235987755982988, 0, 0, 0) 28 35
1 fsimplus(1.5707963267948966, 0.5235987755982988, 0, 0, 0) 33 40
1 fsimplus(1.5707963267948966, 0.5235987755982988, 0, 0, 0) 36 43
1 fsimplus(1.5707963267948966, 0.5235987755982988, 0, 0, 0) 38 45
1 fsimplus(1.5707963267948966, 0.5235987755982988, 0, 0, 0) 39 46
1 fsimplus(1.5707963267948966, 0.5235987755982988, 0, 0, 0) 41 48
1 fsimplus(1.5707963267948966, 0.5235987755982988, 0, 0, 0) 44 51
1 fsimplus(1.5707963267948966, 0.5235987755982988, 0, 0, 0) 47 54
1 fsimplus(1.5707963267948966, 0.5235987755982988, 0, 0, 0) 50 57
1 fsimplus(1.5707963267948966, 0.5235987755982988, 0, 0, 0) 55 62
1 fsimplus(1.5707963267948966, 0.5235987755982988, 0, 0, 0) 56 63
1 fsimplus(1.5707963267948966, 0.5235987755982988, 0, 0, 0) 58 65
1 fsimplus(1.5707963267948966, 0.5235987755982988, 0, 0, 0) 59 66
1 fsimplus(1.5707963267948966, 0.5235987755982988, 0, 0, 0) 64 71
1 fsimplus(1.5707963267948966, 0.5235987755982988, 0, 0, 0) 67 74
1 fsimplus(1.5707963267948966, 0.5235987755982988, 0, 0, 0) 70 77
1 fsimplus(1.5707963267948966, 0.5235987755982988, 0, 0, 0) 72 79
2 hz_1_2 11
2 y_1_2 12
2 x_1_2 17
2 x_1_2 18
2 x_1_2 19
2 x_1_2 20
2 hz_1_2 25
2 y_1_2 26
2 hz_1_2 27
2 x_1_2 28
2 y_1_2 29
2 hz_1_2 31
2 hz_1_2 32
2 hz_1_2 33
2 hz_1_2 34
2 y_1_2 35
2 x_1_2 36
2 x_1_2 37
2 hz_1_2 38
2 hz_1_2 39
2 hz_1_2 40
2 hz_1_2 41
2 hz_1_2 42
2 hz_1_2 43
2 hz_1_2 44
2 y_1_2 45
2 hz_1_2 46
2 y_1_2 47
2 hz_1_2 48
2 x_1_2 50
2 hz_1_2 51
2 x_1_2 53
2 hz_1_2 54
2 y_1_2 55
2 y_1_2 56
2 hz_1_2 57
2 x_1_2 58
2 y_1_2 59
2 hz_1_2 61
2 y_1_2 62
2 x_1_2 63
2 hz_1_2 64
2 x_1_2 65
2 x_1_2 66
2 y_1_2 67
2 x_1_2 69
2 x_1_2 70
2 hz_1_2 71
2 hz_1_2 72
2 y_1_2 74
2 x_1_2 77
2 x_1_2 78
2 x_1_2 79
3 fsimplus(1.5707963267948966, 0.5235987755982988, 0, 0, 0) 12 19
3 fsimplus(1.5707963267948966, 0.5235987755982988, 0, 0, 0) 18 25
3 fsimplus(1.5707963267948966, 0.5235987755982988, 0, 0, 0) 20 27
3 fsimplus(1.5707963267948966, 0.5235987755982988, 0, 0, 0) 26 33
3 fsimplus(1.5707963267948966, 0.5235987755982988, 0, 0, 0) 29 36
3 fsimplus(1.5707963267948966, 0.5235987755982988, 0, 0, 0) 31 38
3 fsimplus(1.5707963267948966, 0.5235987755982988, 0, 0, 0) 32 39
3 fsimplus(1.5707963267948966, 0.5235987755982988, 0, 0, 0) 34 41
3 fsimplus(1.5707963267948966, 0.5235987755982988, 0, 0, 0) 35 42
3 fsimplus(1.5707963267948966, 0.5235987755982988, 0, 0, 0) 37 44
3 fsimplus(1.5707963267948966, 0.5235987755982988, 0, 0, 0) 40 47
3 fsimplus(1.5707963267948966, 0.5235987755982988, 0, 0, 0) 43 50
3 fsimplus(1.5707963267948966, 0.5235987755982988, 0, 0, 0) 46 53
3 fsimplus(1.5707963267948966, 0.5235987755982988, 0, 0, 0) 48 55
3 fsimplus(1.5707963267948966, 0.5235987755982988, 0, 0, 0) 51 58
3 fsimplus(1.5707963267948966, 0.5235987755982988, 0, 0, 0) 54 61
3 fsimplus(1.5707963267948966, 0.5235987755982988, 0, 0, 0) 57 64
3 fsimplus(1.5707963267948966, 0.5235987755982988, 0, 0, 0) 62 69
3 fsimplus(1.5707963267948966, 0.5235987755982988, 0, 0, 0) 63 70
3 fsimplus(1.5707963267948966, 0.5235987755982988, 0, 0, 0) 65 72
3 fsimplus(1.5707963267948966, 0.5235987755982988, 0, 0, 0) 71 78
4 y_1_2 11
4 hz_1_2 12
4 y_1_2 17
4 y_1_2 18
4 y_1_2 19
4 hz_1_2 20
4 y_1_2 25
4 hz_1_2 26
4 y_1_2 27
4 hz_1_2 28
4 hz_1_2 29
4 y_1_2 31
4 x_1_2 32
4 y_1_2 33
4 x_1_2 34
4 hz_1_2 35
4 hz_1_2 36
4 hz_1_2 37
4 y_1_2 38
4 y_1_2 39
4 x_1_2 40
4 x_1_2 41
4 x_1_2 42
4 x_1_2 43
4 y_1_2 44
4 x_1_2 45
4 x_1_2 46
4 hz_1_2 47
4 x_1_2 48
4 y_1_2 50
4 y_1_2 51
4 hz_1_2 53
4 y_1_2 54
4 hz_1_2 55
4 hz_1_2 56
4 y_1_2 57
4 y_1_2 58
4 x_1_2 59
4 y_1_2 61
4 x_1_2 62
4 hz_1_2 63
4 y_1_2 64
4 hz_1_2 65
4 hz_1_2 66
4 x_1_2 67
4 y_1_2 69
4 y_1_2 70
4 y_1_2 71
4 x_1_2 72
4 hz_1_2 74
4 hz_1_2 77
4 y_1_2 78
4 y_1_2 79
5 fsimplus(1.5707963267948966, 0.5235987755982988, 0, 0, 0) 17 25
5 fsimplus(1.5707963267948966, 0.5235987755982988, 0, 0, 0) 18 26
5 fsimplus(1.5707963267948966, 0.5235987755982988, 0, 0, 0) 19 27
5 fsimplus(1.5707963267948966, 0.5235987755982988, 0, 0, 0) 20 28
5 fsimplus(1.5707963267948966, 0.5235987755982988, 0, 0, 0) 32 40
5 fsimplus(1.5707963267948966, 0.5235987755982988, 0, 0, 0) 33 41
5 fsimplus(1.5707963267948966, 0.5235987755982988, 0, 0, 0) 34 42
5 fsimplus(1.5707963267948966, 0.5235987755982988, 0, 0, 0) 35 43
5 fsimplus(1.5707963267948966, 0.5235987755982988, 0, 0, 0) 36 44
5 fsimplus(1.5707963267948966, 0.5235987755982988, 0, 0, 0) 45 53
5 fsimplus(1.5707963267948966, 0.5235987755982988, 0, 0, 0) 46 54
5 fsimplus(1.5707963267948966, 0.5235987755982988, 0, 0, 0) 48 56
5 fsimplus(1.5707963267948966, 0.5235987755982988, 0, 0, 0) 50 58
5 fsimplus(1.5707963267948966, 0.5235987755982988, 0, 0, 0) 51 59
5 fsimplus(1.5707963267948966, 0.5235987755982988, 0, 0, 0) 55 63
5 fsimplus(1.5707963267948966, 0.5235987755982988, 0, 0, 0) 61 69
5 fsimplus(1.5707963267948966, 0.5235987755982988, 0, 0, 0) 62 70
5 fsimplus(1.5707963267948966, 0.5235987755982988, 0, 0, 0) 64 72
5 fsimplus(1.5707963267948966, 0.5235987755982988, 0, 0, 0) 66 74
5 fsimplus(1.5707963267948966, 0.5235987755982988, 0, 0, 0) 71 79
6 x_1_2 11
6 y_1_2 12
6 hz_1_2 17
6 x_1_2 18
6 x_1_2 19
6 y_1_2 20
6 x_1_2 25
6 y_1_2 26
6 hz_1_2 27
6 y_1_2 28
6 y_1_2 29
6 hz_1_2 31
6 hz_1_2 32
6 hz_1_2 33
6 y_1_2 34
6 y_1_2 35
6 y_1_2 36
6 y_1_2 37
6 hz_1_2 38
6 x_1_2 39
6 hz_1_2 40
6 hz_1_2 41
6 y_1_2 42
6 y_1_2 43
6 hz_1_2 44
6 y_1_2 45
6 hz_1_2 46
6 x_1_2 47
6 y_1_2 48
6 hz_1_2 50
6 x_1_2 51
6 y_1_2 53
6 hz_1_2 54
6 x_1_2 55
6 x_1_2 56
6 hz_1_2 57
6 x_1_2 58
6 y_1_2 59
6 x_1_2 61
6 hz_1_2 62
6 y_1_2 63
6 hz_1_2 64
6 y_1_2 65
6 x_1_2 66
6 y_1_2 67
6 hz_1_2 69
6 x_1_2 70
6 x_1_2 71
6 hz_1_2 72
6 y_1_2 74
6 y_1_2 77
6 x_1_2 78
6 x_1_2 79
7 fsimplus(1.5707963267948966, 0.5235987755982988, 0, 0, 0) 11 19
7 fsimplus(1.5707963267948966, 0.5235987755982988, 0, 0, 0) 12 20
7 fsimplus(1.5707963267948966, 0.5235987755982988, 0, 0, 0) 25 33
7 fsimplus(1.5707963267948966, 0.5235987755982988, 0, 0, 0) 26 34
7 fsimplus(1.5707963267948966, 0.5235987755982988, 0, 0, 0) 27 35
7 fsimplus(1.5707963267948966, 0.5235987755982988, 0, 0, 0) 28 36
7 fsimplus(1.5707963267948966, 0.5235987755982988, 0, 0, 0) 29 37
7 fsimplus(1.5707963267948966, 0.5235987755982988, 0, 0, 0) 38 46
7 fsimplus(1.5707963267948966, 0.5235987755982988, 0, 0, 0) 40 48
7 fsimplus(1.5707963267948966, 0.5235987755982988, 0, 0, 0) 42 50
7 fsimplus(1.5707963267948966, 0.5235987755982988, 0, 0, 0) 43 51
7 fsimplus(1.5707963267948966, 0.5235987755982988, 0, 0, 0) 47 55
7 fsimplus(1.5707963267948966, 0.5235987755982988, 0, 0, 0) 53 61
7 fsimplus(1.5707963267948966, 0.5235987755982988, 0, 0, 0) 54 62
7 fsimplus(1.5707963267948966, 0.5235987755982988, 0, 0, 0) 56 64
7 fsimplus(1.5707963267948966, 0.5235987755982988, 0, 0, 0) 57 65
7 fsimplus(1.5707963267948966, 0.5235987755982988, 0, 0, 0) 58 66
7 fsimplus(1.5707963267948966, 0.5235987755982988, 0, 0, 0) 59 67
7 fsimplus(1.5707963267948966, 0.5235987755982988, 0, 0, 0) 63 71
7 fsimplus(1.5707963267948966, 0.5235987755982988, 0, 0, 0) 69 77
7 fsimplus(1.5707963267948966, 0.5235987755982988, 0, 0, 0) 70 78
8 y_1_2 11
8 x_1_2 12
8 y_1_2 17
8 y_1_2 18
8 hz_1_2 19
8 x_1_2 20
8 hz_1_2 25
8 hz_1_2 26
8 y_1_2 27
8 hz_1_2 28
8 hz_1_2 29
8 y_1_2 31
8 y_1_2 32
8 y_1_2 33
8 hz_1_2 34
8 hz_1_2 35
8 x_1_2 36
8 hz_1_2 37
8 x_1_2 38
8 hz_1_2 39
8 x_1_2 40
8 x_1_2 41
8 hz_1_2 42
8 x_1_2 43
8 y_1_2 44
8 x_1_2 45
8 y_1_2 46
8 y_1_2 47
8 x_1_2 48
8 x_1_2 50
8 hz_1_2 51
8 x_1_2 53
8 x_1_2 54
8 hz_1_2 55
8 hz_1_2 56
8 y_1_2 57
8 hz_1_2 58
8 hz_1_2 59
8 hz_1_2 61
8 y_1_2 62
8 hz_1_2 63
8 x_1_2 64
8 hz_1_2 65
8 hz_1_2 66
8 x_1_2 67
8 y_1_2 69
8 y_1_2 70
8 hz_1_2 71
8 x_1_2 72
8 x_1_2 74
8 hz_1_2 77
8 y_1_2 78
8 y_1_2 79
9 fsimplus(1.5707963267948966, 0.5235987755982988, 0, 0, 0) 17 25
9 fsimplus(1.5707963267948966, 0.5235987755982988, 0, 0, 0) 18 26
9 fsimplus(1.5707963267948966, 0.5235987755982988, 0, 0, 0) 19 27
9 fsimplus(1.5707963267948966, 0.5235987755982988, 0, 0, 0) 20 28
9 fsimplus(1.5707963267948966, 0.5235987755982988, 0, 0, 0) 32 40
9 fsimplus(1.5707963267948966, 0.5235987755982988, 0, 0, 0) 33 41
9 fsimplus(1.5707963267948966, 0.5235987755982988, 0, 0, 0) 34 42
9 fsimplus(1.5707963267948966, 0.5235987755982988, 0, 0, 0) 35 43
9 fsimplus(1.5707963267948966, 0.5235987755982988, 0, 0, 0) 36 44
9 fsimplus(1.5707963267948966, 0.5235987755982988, 0, 0, 0) 45 53
9 fsimplus(1.5707963267948966, 0.5235987755982988, 0, 0, 0) 46 54
9 fsimplus(1.5707963267948966, 0.5235987755982988, 0, 0, 0) 48 56
9 fsimplus(1.5707963267948966, 0.5235987755982988, 0, 0, 0) 50 58
9 fsimplus(1.5707963267948966, 0.5235987755982988, 0, 0, 0) 51 59
9 fsimplus(1.5707963267948966, 0.5235987755982988, 0, 0, 0) 55 63
9 fsimplus(1.5707963267948966, 0.5235987755982988, 0, 0, 0) 61 69
9 fsimplus(1.5707963267948966, 0.5235987755982988, 0, 0, 0) 62 70
9 fsimplus(1.5707963267948966, 0.5235987755982988, 0, 0, 0) 64 72
9 fsimplus(1.5707963267948966, 0.5235987755982988, 0, 0, 0) 66 74
9 fsimplus(1.5707963267948966, 0.5235987755982988, 0, 0, 0) 71 79
10 x_1_2 11
10 hz_1_2 12
10 x_1_2 17
10 hz_1_2 18
10 y_1_2 19
10 hz_1_2 20
10 y_1_2 25
10 y_1_2 26
10 x_1_2 27
10 y_1_2 28
10 y_1_2 29
10 x_1_2 31
10 hz_1_2 32
10 hz_1_2 33
10 y_1_2 34
10 x_1_2 35
10 y_1_2 36
10 x_1_2 37
10 y_1_2 38
10 y_1_2 39
10 hz_1_2 40
10 y_1_2 41
10 y_1_2 42
10 hz_1_2 43
10 x_1_2 44
10 hz_1_2 45
10 x_1_2 46
10 x_1_2 47
10 y_1_2 48
10 hz_1_2 50
10 x_1_2 51
10 hz_1_2 53
10 y_1_2 54
10 y_1_2 55
10 x_1_2 56
10 hz_1_2 57
10 x_1_2 58
10 y_1_2 59
10 x_1_2 61
10 x_1_2 62
10 y_1_2 63
10 y_1_2 64
10 y_1_2 65
10 x_1_2 66
10 y_1_2 67
10 x_1_2 69
10 x_1_2 70
10 y_1_2 71
10 hz_1_2 72
10 y_1_2 74
10 x_1_2 77
10 x_1_2 78
10 hz_1_2 79
11 fsimplus(1.5707963267948966, 0.5235987755982988, 0, 0, 0) 11 19
11 fsimplus(1.5707963267948966, 0.5235987755982988, 0, 0, 0) 12 20
11 fsimplus(1.5707963267948966, 0.5235987755982988, 0, 0, 0) 25 33
11 fsimplus(1.5707963267948966, 0.5235987755982988, 0, 0, 0) 26 34
11 fsimplus(1.5707963267948966, 0.5235987755982988, 0, 0, 0) 27 35
11 fsimplus(1.5707963267948966, 0.5235987755982988, 0, 0, 0) 28 36
11 fsimplus(1.5707963267948966, 0.5235987755982988, 0, 0, 0) 29 37
11 fsimplus(1.5707963267948966, 0.5235987755982988, 0, 0, 0) 38 46
11 fsimplus(1.5707963267948966, 0.5235987755982988, 0, 0, 0) 40 48
11 fsimplus(1.5707963267948966, 0.5235987755982988, 0, 0, 0) 42 50
11 fsimplus(1.5707963267948966, 0.5235987755982988, 0, 0, 0) 43 51
11 fsimplus(1.5707963267948966, 0.5235987755982988, 0, 0, 0) 47 55
11 fsimplus(1.5707963267948966, 0.5235987755982988, 0, 0, 0) 53 61
11 fsimplus(1.5707963267948966, 0.5235987755982988, 0, 0, 0) 54 62
11 fsimplus(1.5707963267948966, 0.5235987755982988, 0, 0, 0) 56 64
11 fsimplus(1.5707963267948966, 0.5235987755982988, 0, 0, 0) 57 65
11 fsimplus(1.5707963267948966, 0.5235987755982988, 0, 0, 0) 58 66
11 fsimplus(1.5707963267948966, 0.5235987755982988, 0, 0, 0) 59 67
11 fsimplus(1.5707963267948966, 0.5235987755982988, 0, 0, 0) 63 71
11 fsimplus(1.5707963267948966, 0.5235987755982988, 0, 0, 0) 69 77
11 fsimplus(1.5707963267948966, 0.5235987755982988, 0, 0, 0) 70 78
12 y_1_2 11
12 x_1_2 12
12 hz_1_2 17
12 y_1_2 18
12 x_1_2 19
12 x_1_2 20
12 hz_1_2 25
12 hz_1_2 26
12 hz_1_2 27
12 x_1_2 28
12 hz_1_2 29
12 hz_1_2 31
12 x_1_2 32
12 y_1_2 33
12 hz_1_2 34
12 y_1_2 35
12 x_1_2 36
12 hz_1_2 37
12 x_1_2 38
12 hz_1_2 39
12 y_1_2 40
12 hz_1_2 41
12 hz_1_2 42
12 x_1_2 43
12 y_1_2 44
12 x_1_2 45
12 y_1_2 46
12 hz_1_2 47
12 hz_1_2 48
12 x_1_2 50
12 hz_1_2 51
12 y_1_2 53
12 hz_1_2 54
12 hz_1_2 55
12 y_1_2 56
12 y_1_2 57
12 y_1_2 58
12 x_1_2 59
12 y_1_2 61
12 hz_1_2 62
12 x_1_2 63
12 hz_1_2 64
12 x_1_2 65
12 y_1_2 66
12 x_1_2 67
12 y_1_2 69
12 hz_1_2 70
12 x_1_2 71
12 y_1_2 72
12 hz_1_2 74
12 hz_1_2 77
12 hz_1_2 78
12 y_1_2 79
13 fsimplus(1.5707963267948966, 0.5235987755982988, 0, 0, 0) 11 18
13 fsimplus(1.5707963267948966, 0.5235987755982988, 0, 0, 0) 19 26
13 fsimplus(1.5707963267948966, 0.5235987755982988, 0, 0, 0) 25 32
13 fsimplus(1.5707963267948966, 0.5235987755982988, 0, 0, 0) 27 34
13 fsimplus(1.5707963267948966, 0.5235987755982988, 0, 0, 0) 28 35
13 fsimplus(1.5707963267948966, 0.5235987755982988, 0, 0, 0) 33 40
13 fsimplus(1.5707963267948966, 0.5235987755982988, 0, 0, 0) 36 43
13 fsimplus(1.5707963267948966, 0.5235987755982988, 0, 0, 0) 38 45
13 fsimplus(1.5707963267948966, 0.5235987755982988, 0, 0, 0) 39 46
13 fsimplus(1.5707963267948966, 0.5235987755982988, 0, 0, 0) 41 48
13 fsimplus(1.5707963267948966, 0.5235987755982988, 0, 0, 0) 44 51
13 fsimplus(1.5707963267948966, 0.5235987755982988, 0, 0, 0) 47 54
13 fsimplus(1.5707963267948966, 0.5235987755982988, 0, 0, 0) 50 57
13 fsimplus(1.5707963267948966, 0.5235987755982988, 0, 0, 0) 55 62
13 fsimplus(1.5707963267948966, 0.5235987755982988, 0, 0, 0) 56 63
13 fsimplus(1.5707963267948966, 0.5235987755982988, 0, 0, 0) 58 65
13 fsimplus(1.5707963267948966, 0.5235987755982988, 0, 0, 0) 59 66
13 fsimplus(1.5707963267948966, 0.5235987755982988, 0, 0, 0) 64 71
13 fsimplus(1.5707963267948966, 0.5235987755982988, 0, 0, 0) 67 74
13 fsimplus(1.5707963267948966, 0.5235987755982988, 0, 0, 0) 70 77
13 fsimplus(1.5707963267948966, 0.5235987755982988, 0, 0, 0) 72 79
14 x_1_2 11
14 hz_1_2 12
14 y_1_2 17
14 x_1_2 18
14 hz_1_2 19
14 hz_1_2 20
14 y_1_2 25
14 y_1_2 26
14 x_1_2 27
14 y_1_2 28
14 x_1_2 29
14 x_1_2 31
14 hz_1_2 32
14 x_1_2 33
14 x_1_2 34
14 x_1_2 35
14 hz_1_2 36
14 y_1_2 37
14 y_1_2 38
14 y_1_2 39
14 hz_1_2 40
14 x_1_2 41
14 x_1_2 42
14 y_1_2 43
14 hz_1_2 44
14 y_1_2 45
14 x_1_2 46
14 y_1_2 47
14 y_1_2 48
14 hz_1_2 50
14 y_1_2 51
14 hz_1_2 53
14 x_1_2 54
14 x_1_2 55
14 x_1_2 56
14 hz_1_2 57
14 hz_1_2 58
14 y_1_2 59
14 x_1_2 61
14 y_1_2 62
14 hz_1_2 63
14 x_1_2 64
14 hz_1_2 65
14 x_1_2 66
14 y_1_2 67
14 x_1_2 69
14 y_1_2 70
14 y_1_2 71
14 hz_1_2 72
14 x_1_2 74
14 x_1_2 77
14 y_1_2 78
14 hz_1_2 79
15 fsimplus(1.5707963267948966, 0.5235987755982988, 0, 0, 0) 12 19
15 fsimplus(1.5707963267948966, 0.5235987755982988, 0, 0, 0) 18 25
15 fsimplus(1.5707963267948966, 0.5235987755982988, 0, 0, 0) 20 27
15 fsimplus(1.5707963267948966, 0.5235987755982988, 0, 0, 0) 26 33
15 fsimplus(1.5707963267948966, 0.5235987755982988, 0, 0, 0) 29 36
15 fsimplus(1.5707963267948966, 0.5235987755982988, 0, 0, 0) 31 38
15 fsimplus(1.5707963267948966, 0.5235987755982988, 0, 0, 0) 32 39
15 fsimplus(1.5707963267948966, 0.5235987755982988, 0, 0, 0) 34 41
15 fsimplus(1.5707963267948966, 0.5235987755982988, 0, 0, 0) 35 42
15 fsimplus(1.5707963267948966, 0.5235987755982988, 0, 0, 0) 37 44
15 fsimplus(1.5707963267948966, 0.5235987755982988, 0, 0, 0) 40 47
15 fsimplus(1.5707963267948966, 0.5235987755982988, 0, 0, 0) 43 50
15 fsimplus(1.5707963267948966, 0.5235987755982988, 0, 0, 0) 46 53
15 fsimplus(1.5707963267948966, 0.5235987755982988, 0, 0, 0) 48 55
15 fsimplus(1.5707963267948966, 0.5235987755982988, 0, 0, 0) 51 58
15 fsimplus(1.5707963267948966, 0.5235987755982988, 0, 0, 0) 54 61
15 fsimplus(1.5707963267948966, 0.5235987755982988, 0, 0, 0) 57 64
15 fsimplus(1.5707963267948966, 0.5235987755982988, 0, 0, 0) 62 69
15 fsimplus(1.5707963267948966, 0.5235987755982988, 0, 0, 0) 63 70
15 fsimplus(1.5707963267948966, 0.5235987755982988, 0, 0, 0) 65 72
15 fsimplus(1.5707963267948966, 0.5235987755982988, 0, 0, 0) 71 78
16 y_1_2 11
16 x_1_2 12
16 x_1_2 17
16 y_1_2 18
16 y_1_2 19
16 y_1_2 20
16 hz_1_2 25
16 x_1_2 26
16 hz_1_2 27
16 x_1_2 28
16 hz_1_2 29
16 hz_1_2 31
16 y_1_2 32
16 y_1_2 33
16 y_1_2 34
16 y_1_2 35
16 x_1_2 36
16 x_1_2 37
16 x_1_2 38
16 x_1_2 39
16 y_1_2 40
16 y_1_2 41
16 y_1_2 42
16 hz_1_2 43
16 y_1_2 44
16 x_1_2 45
16 y_1_2 46
16 x_1_2 47
16 x_1_2 48
16 x_1_2 50
16 x_1_2 51
16 y_1_2 53
16 y_1_2 54
16 y_1_2 55
16 y_1_2 56
16 y_1_2 57
16 x_1_2 58
16 x_1_2 59
16 y_1_2 61
16 x_1_2 62
16 y_1_2 63
16 hz_1_2 64
16 x_1_2 65
16 y_1_2 66
16 x_1_2 67
16 hz_1_2 69
16 x_1_2 70
16 hz_1_2 71
16 y_1_2 72
16 hz_1_2 74
16 y_1_2 77
16 x_1_2 78
16 x_1_2 79
17 fsimplus(1.5707963267948966, 0.5235987755982988, 0, 0, 0) 11 18
17 fsimplus(1.5707963267948966, 0.5235987755982988, 0, 0, 0) 19 26
17 fsimplus(1.5707963267948966, 0.5235987755982988, 0, 0, 0) 25 32
17 fsimplus(1.5707963267948966, 0.5235987755982988, 0, 0, 0) 27 34
17 fsimplus(1.5707963267948966, 0.5235987755982988, 0, 0, 0) 28 35
17 fsimplus(1.5707963267948966, 0.5235987755982988, 0, 0, 0) 33 40
17 fsimplus(1.5707963267948966, 0.5235987755982988, 0, 0, 0) 36 43
17 fsimplus(1.5707963267948966, 0.5235987755982988, 0, 0, 0) 38 45
17 fsimplus(1.5707963267948966, 0.5235987755982988, 0, 0, 0) 39 46
17 fsimplus(1.5707963267948966, 0.5235987755982988, 0, 0, 0) 41 48
17 fsimplus(1.5707963267948966, 0.5235987755982988, 0, 0, 0) 44 51
17 fsimplus(1.5707963267948966, 0.5235987755982988, 0, 0, 0) 47 54
17 fsimplus(1.5707963267948966, 0.5235987755982988, 0, 0, 0) 50 57
17 fsimplus(1.5707963267948966, 0.5235987755982988, 0, 0, 0) 55 62
17 fsimplus(1.5707963267948966, 0.5235987755982988, 0, 0, 0) 56 63
17 fsimplus(1.5707963267948966, 0.5235987755982988, 0, 0, 0) 58 65
17 fsimplus(1.5707963267948966, 0.5235987755982988, 0, 0, 0) 59 66
17 fsimplus(1.5707963267948966, 0.5235987755982988, 0, 0, 0) 64 71
17 fsimplus(1.5707963267948966, 0.5235987755982988, 0, 0, 0) 67 74
17 fsimplus(1.5707963267948966, 0.5235987755982988, 0, 0, 0) 70 77
17 fsimplus(1.5707963267948966, 0.5235987755982988, 0, 0, 0) 72 79
18 hz_1_2 11
18 hz_1_2 12
18 hz_1_2 17
18 hz_1_2 18
18 hz_1_2 19
18 x_1_2 20
18 y_1_2 25
18 y_1_2 26
18 y_1_2 27
18 hz_1_2 28
18 x_1_2 29
18 y_1_2 31
18 x_1_2 32
18 x_1_2 33
18 hz_1_2 34
18 hz_1_2 35
18 y_1_2 36
18 hz_1_2 37
18 y_1_2 38
18 hz_1_2 39
18 x_1_2 40
18 x_1_2 41
18 hz_1_2 42
18 x_1_2 43
18 x_1_2 44
18 y_1_2 45
18 x_1_2 46
18 hz_1_2 47
18 y_1_2 48
18 y_1_2 50
18 y_1_2 51
18 x_1_2 53
18 hz_1_2 54
18 x_1_2 55
18 x_1_2 56
18 hz_1_2 57
18 hz_1_2 58
18 y_1_2 59
18 x_1_2 61
18 y_1_2 62
18 hz_1_2 63
18 y_1_2 64
18 y_1_2 65
18 hz_1_2 66
18 hz_1_2 67
18 y_1_2 69
18 hz_1_2 70
18 y_1_2 71
18 hz_1_2 72
18 y_1_2 74
18 x_1_2 77
18 hz_1_2 78
18 y_1_2 79
19 fsimplus(1.5707963267948966, 0.5235987755982988, 0, 0, 0) 12 19
19 fsimplus(1.5707963267948966, 0.5235987755982988, 0, 0, 0) 18 25
19 fsimplus(1.5707963267948966, 0.5235987755982988, 0, 0, 0) 20 27
19 fsimplus(1.5707963267948966, 0.5235987755982988, 0, 0, 0) 26 33
19 fsimplus(1.5707963267948966, 0.5235987755982988, 0, 0, 0) 29 36
19 fsimplus(1.5707963267948966, 0.5235987755982988, 0, 0, 0) 31 38
19 fsimplus(1.5707963267948966, 0.5235987755982988, 0, 0, 0) 32 39
19 fsimplus(1.5707963267948966, 0.5235987755982988, 0, 0, 0) 34 41
19 fsimplus(1.5707963267948966, 0.5235987755982988, 0, 0, 0) 35 42
19 fsimplus(1.5707963267948966, 0.5235987755982988, 0, 0, 0) 37 44
19 fsimplus(1.5707963267948966, 0.5235987755982988, 0, 0, 0) 40 47
19 fsimplus(1.5707963267948966, 0.5235987755982988, 0, 0, 0) 43 50
19 fsimplus(1.5707963267948966, 0.5235987755982988, 0, 0, 0) 46 53
19 fsimplus(1.5707963267948966, 0.5235987755982988, 0, 0, 0) 48 55
19 fsimplus(1.5707963267948966, 0.5235987755982988, 0, 0, 0) 51 58
19 fsimplus(1.5707963267948966, 0.5235987755982988, 0, 0, 0) 54 61
19 fsimplus(1.5707963267948966, 0.5235987755982988, 0, 0, 0) 57 64
19 fsimplus(1.5707963267948966, 0.5235987755982988, 0, 0, 0) 62 69
19 fsimplus(1.5707963267948966, 0.5235987755982988, 0, 0, 0) 63 70
19 fsimplus(1.5707963267948966, 0.5235987755982988, 0, 0, 0) 65 72
19 fsimplus(1.5707963267948966, 0.5235987755982988, 0, 0, 0) 71 78
20 x_1_2 11
20 x_1_2 12
20 x_1_2 17
20 x_1_2 18
20 y_1_2 19
20 y_1_2 20
20 x_1_2 25
20 hz_1_2 26
20 x_1_2 27
20 y_1_2 28
20 y_1_2 29
20 hz_1_2 31
20 hz_1_2 32
20 y_1_2 33
20 y_1_2 34
20 x_1_2 35
20 hz_1_2 36
20 y_1_2 37
20 hz_1_2 38
20 x_1_2 39
20 hz_1_2 40
20 hz_1_2 41
20 x_1_2 42
20 y_1_2 43
20 hz_1_2 44
20 x_1_2 45
20 y_1_2 46
20 y_1_2 47
20 x_1_2 48
20 x_1_2 50
20 hz_1_2 51
20 y_1_2 53
20 y_1_2 54
20 hz_1_2 55
20 hz_1_2 56
20 x_1_2 57
20 y_1_2 58
20 hz_1_2 59
20 y_1_2 61
20 hz_1_2 62
20 x_1_2 63
20 x_1_2 64
20 x_1_2 65
20 x_1_2 66
20 y_1_2 67
20 x_1_2 69
20 x_1_2 70
20 x_1_2 71
20 y_1_2 72
20 x_1_2 74
20 hz_1_2 77
20 x_1_2 78
20 hz_1_2 79
21 fsimplus(1.5707963267948966, 0.5235987755982988, 0, 0, 0) 17 25
21 fsimplus(1.5707963267948966, 0.5235987755982988, 0, 0, 0) 18 26
21 fsimplus(1.5707963267948966, 0.5235987755982988, 0, 0, 0) 19 27
21 fsimplus(1.5707963267948966, 0.5235987755982988, 0, 0, 0) 20 28
21 fsimplus(1.5707963267948966, 0.5235987755982988, 0, 0, 0) 32 40
21 fsimplus(1.5707963267948966, 0.5235987755982988, 0, 0, 0) 33 41
21 fsimplus(1.5707963267948966, 0.5235987755982988, 0, 0, 0) 34 42
21 fsimplus(1.5707963267948966, 0.5235987755982988, 0, 0, 0) 35 43
21 fsimplus(1.5707963267948966, 0.5235987755982988, 0, 0, 0) 36 44
21 fsimplus(1.5707963267948966, 0.5235987755982988, 0, 0, 0) 45 53
21 fsimplus(1.5707963267948966, 0.5235987755982988, 0, 0, 0) 46 54
21 fsimplus(1.5707963267948966, 0.5235987755982988, 0, 0, 0) 48 56
21 fsimplus(1.5707963267948966, 0.5235987755982988, 0, 0, 0) 50 58
21 fsimplus(1.5707963267948966, 0.5235987755982988, 0, 0, 0) 51 59
21 fsimplus(1.5707963267948966, 0.5235987755982988, 0, 0, 0) 55 63
21 fsimplus(1.5707963267948966, 0.5235987755982988, 0, 0, 0) 61 69
21 fsimplus(1.5707963267948966, 0.5235987755982988, 0, 0, 0) 62 70
21 fsimplus(1.5707963267948966, 0.5235987755982988, 0, 0, 0) 64 72
21 fsimplus(1.5707963267948966, 0.5235987755982988, 0, 0, 0) 66 74
21 fsimplus(1.5707963267948966, 0.5235987755982988, 0, 0, 0) 71 79
22 hz_1_2 11
22 hz_1_2 12
22 hz_1_2 17
22 y_1_2 18
22 hz_1_2 19
22 hz_1_2 20
22 hz_1_2 25
22 x_1_2 26
22 hz_1_2 27
22 x_1_2 28
22 x_1_2 29
22 y_1_2 31
22 x_1_2 32
22 hz_1_2 33
22 x_1_2 34
22 y_1_2 35
22 x_1_2 36
22 x_1_2 37
22 y_1_2 38
22 y_1_2 39
22 x_1_2 40
22 y_1_2 41
22 y_1_2 42
22 hz_1_2 43
22 x_1_2 44
22 y_1_2 45
22 x_1_2 46
22 hz_1_2 47
22 hz_1_2 48
22 hz_1_2 50
22 y_1_2 51
22 hz_1_2 53
22 x_1_2 54
22 y_1_2 55
22 y_1_2 56
22 hz_1_2 57
22 x_1_2 58
22 y_1_2 59
22 hz_1_2 61
22 y_1_2 62
22 y_1_2 63
22 y_1_2 64
22 hz_1_2 65
22 hz_1_2 66
22 x_1_2 67
22 y_1_2 69
22 y_1_2 70
22 y_1_2 71
22 hz_1_2 72
22 y_1_2 74
22 x_1_2 77
22 y_1_2 78
22 y_1_2 79
23 fsimplus(1.5707963267948966, 0.5235987755982988, 0, 0, 0) 11 19
23 fsimplus(1.5707963267948966, 0.5235987755982988, 0, 0, 0) 12 20
23 fsimplus(1.5707963267948966, 0.5235987755982988, 0, 0, 0) 25 33
23 fsimplus(1.5707963267948966, 0.5235987755982988, 0, 0, 0) 26 34
23 fsimplus(1.5707963267948966, 0.5235987755982988, 0, 0, 0) 27 35
23 fsimplus(1.5707963267948966, 0.5235987755982988, 0, 0, 0) 28 36
23 fsimplus(1.5707963267948966, 0.5235987755982988, 0, 0, 0) 29 37
23 fsimplus(1.5707963267948966, 0.5235987755982988, 0, 0, 0) 38 46
23 fsimplus(1.5707963267948966, 0.5235987755982988, 0, 0, 0) 40 48
23 fsimplus(1.5707963267948966, 0.5235987755982988, 0, 0, 0) 42 50
23 fsimplus(1.5707963267948966, 0.5235987755982988, 0, 0, 0) 43 51
23 fsimplus(1.5707963267948966, 0.5235987755982988, 0, 0, 0) 47 55
23 fsimplus(1.5707963267948966, 0.5235987755982988, 0, 0, 0) 53 61
23 fsimplus(1.5707963267948966, 0.5235987755982988, 0, 0, 0) 54 62
23 fsimplus(1.5707963267948966, 0.5235987755982988, 0, 0, 0) 56 64
23 fsimplus(1.5707963267948966, 0.5235987755982988, 0, 0, 0) 57 65
23 fsimplus(1.5707963267948966, 0.5235987755982988, 0, 0, 0) 58 66
23 fsimplus(1.5707963267948966, 0.5235987755982988, 0, 0, 0) 59 67
23 fsimplus(1.5707963267948966, 0.5235987755982988, 0, 0, 0) 63 71
23 fsimplus(1.5707963267948966, 0.5235987755982988, 0, 0, 0) 69 77
23 fsimplus(1.5707963267948966, 0.5235987755982988, 0, 0, 0) 70 78
24 y_1_2 11
24 y_1_2 12
24 y_1_2 17
24 x_1_2 18
24 x_1_2 19
24 y_1_2 20
24 y_1_2 25
24 y_1_2 26
24 y_1_2 27
24 y_1_2 28
24 y_1_2 29
24 hz_1_2 31
24 y_1_2 32
24 y_1_2 33
24 hz_1_2 34
24 x_1_2 35
24 y_1_2 36
24 hz_1_2 37
24 x_1_2 38
24 hz_1_2 39
24 y_1_2 40
24 x_1_2 41
24 x_1_2 42
24 x_1_2 43
24 y_1_2 44
24 hz_1_2 45
24 hz_1_2 46
24 x_1_2 47
24 y_1_2 48
24 y_1_2 50
24 hz_1_2 51
24 x_1_2 53
24 hz_1_2 54
24 x_1_2 55
24 hz_1_2 56
24 y_1_2 57
24 y_1_2 58
24 hz_1_2 59
24 y_1_2 61
24 x_1_2 62
24 hz_1_2 63
24 x_1_2 64
24 x_1_2 65
24 y_1_2 66
24 y_1_2 67
24 hz_1_2 69
24 x_1_2 70
24 hz_1_2 71
24 x_1_2 72
24 hz_1_2 74
24 y_1_2 77
24 hz_1_2 78
24 x_1_2 79
25 fsimplus(1.5707963267948966, 0.5235987755982988, 0, 0, 0) 17 25
25 fsimplus(1.5707963267948966, 0.5235987755982988, 0, 0, 0) 18 26
25 fsimplus(1.5707963267948966, 0.5235987755982988, 0, 0, 0) 19 27
25 fsimplus(1.5707963267948966, 0.5235987755982988, 0, 0, 0) 20 28
25 fsimplus(1.5707963267948966, 0.5235987755982988, 0, 0, 0) 32 40
25 fsimplus(1.5707963267948966, 0.5235987755982988, 0, 0, 0) 33 41
25 fsimplus(1.5707963267948966, 0.5235987755982988, 0, 0, 0) 34 42
25 fsimplus(1.5707963267948966, 0.5235987755982988, 0, 0, 0) 35 43
25 fsimplus(1.5707963267948966, 0.5235987755982988, 0, 0, 0) 36 44
25 fsimplus(1.5707963267948966, 0.5235987755982988, 0, 0, 0) 45 53
25 fsimplus(1.5707963267948966, 0.5235987755982988, 0, 0, 0) 46 54
25 fsimplus(1.5707963267948966, 0.5235987755982988, 0, 0, 0) 48 56
25 fsimplus(1.5707963267948966, 0.5235987755982988, 0, 0, 0) 50 58
25 fsimplus(1.5707963267948966, 0.5235987755982988, 0, 0, 0) 51 59
25 fsimplus(1.5707963267948966, 0.5235987755982988, 0, 0, 0) 55 63
25 fsimplus(1.5707963267948966, 0.5235987755982988, 0, 0, 0) 61 69
25 fsimplus(1.5707963267948966, 0.5235987755982988, 0, 0, 0) 62 70
25 fsimplus(1.5707963267948966, 0.5235987755982988, 0, 0, 0) 64 72
25 fsimplus(1.5707963267948966, 0.5235987755982988, 0, 0, 0) 66 74
25 fsimplus(1.5707963267948966, 0.5235987755982988, 0, 0, 0) 71 79
26 x_1_2 11
26 x_1_2 12
26 hz_1_2 17
26 hz_1_2 18
26 y_1_2 19
26 hz_1_2 20
26 hz_1_2 25
26 hz_1_2 26
26 x_1_2 27
26 x_1_2 28
26 hz_1_2 29
26 y_1_2 31
26 x_1_2 32
26 hz_1_2 33
26 y_1_2 34
26 y_1_2 35
26 hz_1_2 36
26 y_1_2 37
26 y_1_2 38
26 x_1_2 39
26 hz_1_2 40
26 hz_1_2 41
26 y_1_2 42
26 y_1_2 43
26 x_1_2 44
26 y_1_2 45
26 y_1_2 46
26 y_1_2 47
26 x_1_2 48
26 x_1_2 50
26 x_1_2 51
26 hz_1_2 53
26 y_1_2 54
26 hz_1_2 55
26 x_1_2 56
26 x_1_2 57
26 x_1_2 58
26 x_1_2 59
26 x_1_2 61
26 hz_1_2 62
26 y_1_2 63
26 hz_1_2 64
26 y_1_2 65
26 hz_1_2 66
26 hz_1_2 67
26 x_1_2 69
26 y_1_2 70
26 x_1_2 71
26 y_1_2 72
26 y_1_2 74
26 hz_1_2 77
26 y_1_2 78
26 hz_1_2 79
27 fsimplus(1.5707963267948966, 0.5235987755982988, 0, 0, 0) 11 19
27 fsimplus(1.5707963267948966, 0.5235987755982988, 0, 0, 0) 12 20
27 fsimplus(1.5707963267948966, 0.5235987755982988, 0, 0, 0) 25 33
27 fsimplus(1.5707963267948966, 0.5235987755982988, 0, 0, 0) 26 34
27 fsimplus(1.5707963267948966, 0.5235987755982988, 0, 0, 0) 27 35
27 fsimplus(1.5707963267948966, 0.5235987755982988, 0, 0, 0) 28 36
27 fsimplus(1.5707963267948966, 0.5235987755982988, 0, 0, 0) 29 37
27 fsimplus(1.5707963267948966, 0.5235987755982988, 0, 0, 0) 38 46
27 fsimplus(1.5707963267948966, 0.5235987755982988, 0, 0, 0) 40 48
27 fsimplus(1.5707963267948966, 0.5235987755982988, 0, 0, 0) 42 50
27 fsimplus(1.5707963267948966, 0.5235987755982988, 0, 0, 0) 43 51
27 fsimplus(1.5707963267948966, 0.5235987755982988, 0, 0, 0) 47 55
27 fsimplus(1.5707963267948966, 0.5235987755982988, 0, 0, 0) 53 61
27 fsimplus(1.5707963267948966, 0.5235987755982988, 0, 0, 0) 54 62
27 fsimplus(1.5707963267948966, 0.5235987755982988, 0, 0, 0) 56 64
27 fsimplus(1.5707963267948966, 0.5235987755982988, 0, 0, 0) 57 65
27 fsimplus(1.5707963267948966, 0.5235987755982988, 0, 0, 0) 58 66
27 fsimplus(1.5707963267948966, 0.5235987755982988, 0, 0, 0) 59 67
27 fsimplus(1.5707963267948966, 0.5235987755982988, 0, 0, 0) 63 71
27 fsimplus(1.5707963267948966, 0.5235987755982988, 0, 0, 0) 69 77
27 fsimplus(1.5707963267948966, 0.5235987755982988, 0, 0, 0) 70 78
28 y_1_2 11
28 y_1_2 12
28 x_1_2 17
28 x_1_2 18
28 hz_1_2 19
28 y_1_2 20
28 y_1_2 25
28 y_1_2 26
28 hz_1_2 27
28 y_1_2 28
28 y_1_2 29
28 hz_1_2 31
28 y_1_2 32
28 x_1_2 33
28 hz_1_2 34
28 x_1_2 35
28 x_1_2 36
28 hz_1_2 37
28 hz_1_2 38
28 hz_1_2 39
28 x_1_2 40
28 y_1_2 41
28 x_1_2 42
28 x_1_2 43
28 y_1_2 44
28 x_1_2 45
28 hz_1_2 46
28 hz_1_2 47
28 y_1_2 48
28 hz_1_2 50
28 hz_1_2 51
28 x_1_2 53
28 x_1_2 54
28 y_1_2 55
28 hz_1_2 56
28 y_1_2 57
28 hz_1_2 58
28 hz_1_2 59
28 y_1_2 61
28 x_1_2 62
28 x_1_2 63
28 y_1_2 64
28 x_1_2 65
28 x_1_2 66
28 x_1_2 67
28 y_1_2 69
28 x_1_2 70
28 y_1_2 71
28 hz_1_2 72
28 hz_1_2 74
28 y_1_2 77
28 hz_1_2 78
28 x_1_2 79
29 fsimplus(1.5707963267948966, 0.5235987755982988, 0, 0, 0) 11 18
29 fsimplus(1.5707963267948966, 0.5235987755982988, 0, 0, 0) 19 26
29 fsimplus(1.5707963267948966, 0.5235987755982988, 0, 0, 0) 25 32
29 fsimplus(1.5707963267948966, 0.5235987755982988, 0, 0, 0) 27 34
29 fsimplus(1.5707963267948966, 0.5235987755982988, 0, 0, 0) 28 35
29 fsimplus(1.5707963267948966, 0.5235987755982988, 0, 0, 0) 33 40
29 fsimplus(1.5707963267948966, 0.5235987755982988, 0, 0, 0) 36 43
29 fsimplus(1.5707963267948966, 0.5235987755982988, 0, 0, 0) 38 45
29 fsimplus(1.5707963267948966, 0.5235987755982988, 0, 0, 0) 39 46
29 fsimplus(1.5707963267948966, 0.5235987755982988, 0, 0, 0) 41 48
29 fsimplus(1.5707963267948966, 0.5235987755982988, 0, 0, 0) 44 51
29 fsimplus(1.5707963267948966, 0.5235987755982988, 0, 0, 0) 47 54
29 fsimplus(1.5707963267948966, 0.5235987755982988, 0, 0, 0) 50 57
29 fsimplus(1.5707963267948966, 0.5235987755982988, 0, 0, 0) 55 62
29 fsimplus(1.5707963267948966, 0.5235987755982988, 0, 0, 0) 56 63
29 fsimplus(1.5707963267948966, 0.5235987755982988, 0, 0, 0) 58 65
29 fsimplus(1.5707963267948966, 0.5235987755982988, 0, 0, 0) 59 66
29 fsimplus(1.5707963267948966, 0.5235987755982988, 0, 0, 0) 64 71
29 fsimplus(1.5707963267948966, 0.5235987755982988, 0, 0, 0) 67 74
29 fsimplus(1.5707963267948966, 0.5235987755982988, 0, 0, 0) 70 77
29 fsimplus(1.5707963267948966, 0.5235987755982988, 0, 0, 0) 72 79
30 x_1_2 11
30 x_1_2 12
30 y_1_2 17
30 hz_1_2 18
30 y_1_2 19
30 x_1_2 20
30 x_1_2 25
30 x_1_2 26
30 x_1_2 27
30 hz_1_2 28
30 hz_1_2 29
30 y_1_2 31
30 hz_1_2 32
30 hz_1_2 33
30 y_1_2 34
30 hz_1_2 35
30 hz_1_2 36
30 x_1_2 37
30 y_1_2 38
30 x_1_2 39
30 hz_1_2 40
30 x_1_2 41
30 hz_1_2 42
30 hz_1_2 43
30 x_1_2 44
30 hz_1_2 45
30 y_1_2 46
30 x_1_2 47
30 hz_1_2 48
30 x_1_2 50
30 x_1_2 51
30 y_1_2 53
30 y_1_2 54
30 x_1_2 55
30 x_1_2 56
30 hz_1_2 57
30 x_1_2 58
30 y_1_2 59
30 hz_1_2 61
30 y_1_2 62
30 hz_1_2 63
30 hz_1_2 64
30 hz_1_2 65
30 hz_1_2 66
30 y_1_2 67
30 x_1_2 69
30 y_1_2 70
30 x_1_2 71
30 x_1_2 72
30 y_1_2 74
30 hz_1_2 77
30 y_1_2 78
30 hz_1_2 79
31 fsimplus(1.5707963267948966, 0.5235987755982988, 0, 0, 0) 12 19
31 fsimplus(1.5707963267948966, 0.5235987755982988, 0, 0, 0) 18 25
31 fsimplus(1.5707963267948966, 0.5235987755982988, 0, 0, 0) 20 27
31 fsimplus(1.5707963267948966, 0.5235987755982988, 0, 0, 0) 26 33
31 fsimplus(1.5707963267948966, 0.5235987755982988, 0, 0, 0) 29 36
31 fsimplus(1.5707963267948966, 0.5235987755982988, 0, 0, 0) 31 38
31 fsimplus(1.5707963267948966, 0.5235987755982988, 0, 0, 0) 32 39
31 fsimplus(1.5707963267948966, 0.5235987755982988, 0, 0, 0) 34 41
31 fsimplus(1.5707963267948966, 0.5235987755982988, 0, 0, 0) 35 42
31 fsimplus(1.5707963267948966, 0.5235987755982988, 0, 0, 0) 37 44
31 fsimplus(1.5707963267948966, 0.5235987755982988, 0, 0, 0) 40 47
31 fsimplus(1.5707963267948966, 0.5235987755982988, 0, 0, 0) 43 50
31 fsimplus(1.5707963267948966, 0.5235987755982988, 0, 0, 0) 46 53
31 fsimplus(1.5707963267948966, 0.5235987755982988, 0, 0, 0) 48 55
31 fsimplus(1.5707963267948966, 0.5235987755982988, 0, 0, 0) 51 58
31 fsimplus(1.5707963267948966, 0.5235987755982988, 0, 0, 0) 54 61
31 fsimplus(1.5707963267948966, 0.5235987755982988, 0, 0, 0) 57 64
31 fsimplus(1.5707963267948966, 0.5235987755982988, 0, 0, 0) 62 69
31 fsimplus(1.5707963267948966, 0.5235987755982988, 0, 0, 0) 63 70
31 fsimplus(1.5707963267948966, 0.5235987755982988, 0, 0, 0) 65 72
31 fsimplus(1.5707963267948966, 0.5235987755982988, 0, 0, 0) 71 78
32 y_1_2 11
32 hz_1_2 12
32 x_1_2 17
32 y_1_2 18
32 hz_1_2 19
32 hz_1_2 20
32 y_1_2 25
32 hz_1_2 26
32 y_1_2 27
32 y_1_2 28
32 y_1_2 29
32 hz_1_2 31
32 y_1_2 32
32 y_1_2 33
32 hz_1_2 34
32 x_1_2 35
32 x_1_2 36
32 y_1_2 37
32 hz_1_2 38
32 hz_1_2 39
32 y_1_2 40
32 y_1_2 41
32 x_1_2 42
32 x_1_2 43
32 hz_1_2 44
32 y_1_2 45
32 hz_1_2 46
32 hz_1_2 47
32 x_1_2 48
32 hz_1_2 50
32 y_1_2 51
32 x_1_2 53
32 x_1_2 54
32 hz_1_2 55
32 y_1_2 56
32 x_1_2 57
32 y_1_2 58
32 hz_1_2 59
32 y_1_2 61
32 x_1_2 62
32 y_1_2 63
32 y_1_2 64
32 x_1_2 65
32 x_1_2 66
32 hz_1_2 67
32 hz_1_2 69
32 hz_1_2 70
32 y_1_2 71
32 y_1_2 72
32 hz_1_2 74
32 y_1_2 77
32 hz_1_2 78
32 x_1_2 79
33 fsimplus(1.5707963267948966, 0.5235987755982988, 0, 0, 0) 11 18
33 fsimplus(1.5707963267948966, 0.5235987755982988, 0, 0, 0) 19 26
33 fsimplus(1.5707963267948966, 0.5235987755982988, 0, 0, 0) 25 32
33 fsimplus(1.5707963267948966, 0.5235987755982988, 0, 0, 0) 27 34
33 fsimplus(1.5707963267948966, 0.5235987755982988, 0, 0, 0) 28 35
33 fsimplus(1.5707963267948966, 0.5235987755982988, 0, 0, 0) 33 40
33 fsimplus(1.5707963267948966, 0.5235987755982988, 0, 0, 0) 36 43
33 fsimplus(1.5707963267948966, 0.5235987755982988, 0, 0, 0) 38 45
33 fsimplus(1.5707963267948966, 0.5235987755982988, 0, 0, 0) 39 46
33 fsimplus(1.5707963267948966, 0.5235987755982988, 0, 0, 0) 41 48
33 fsimplus(1.5707963267948966, 0.5235987755982988, 0, 0, 0) 44 51
33 fsimplus(1.5707963267948966, 0.5235987755982988, 0, 0, 0) 47 54
33 fsimplus(1.5707963267948966, 0.5235987755982988, 0, 0, 0) 50 57
33 fsimplus(1.5707963267948966, 0.5235987755982988, 0, 0, 0) 55 62
33 fsimplus(1.5707963267948966, 0.5235987755982988, 0, 0, 0) 56 63
33 fsimplus(1.5707963267948966, 0.5235987755982988, 0, 0, 0) 58 65
33 fsimplus(1.5707963267948966, 0.5235987755982988, 0, 0, 0) 59 66
33 fsimplus(1.5707963267948966, 0.5235987755982988, 0, 0, 0) 64 71
33 fsimplus(1.5707963267948966, 0.5235987755982988, 0, 0, 0) 67 74
33 fsimplus(1.5707963267948966, 0.5235987755982988, 0, 0, 0) 70 77
33 fsimplus(1.5707963267948966, 0.5235987755982988, 0, 0, 0) 72 79
34 hz_1_2 11
34 y_1_2 12
34 hz_1_2 17
34 x_1_2 18
34 x_1_2 19
34 x_1_2 20
34 hz_1_2 25
34 y_1_2 26
34 x_1_2 27
34 hz_1_2 28
34 x_1_2 29
34 y_1_2 31
34 hz_1_2 32
34 hz_1_2 33
34 x_1_2 34
34 hz_1_2 35
34 y_1_2 36
34 hz_1_2 37
34 x_1_2 38
34 x_1_2 39
34 x_1_2 40
34 hz_1_2 41
34 hz_1_2 42
34 hz_1_2 43
34 y_1_2 44
34 x_1_2 45
34 y_1_2 46
34 x_1_2 47
34 y_1_2 48
34 y_1_2 50
34 hz_1_2 51
34 hz_1_2 53
34 y_1_2 54
34 x_1_2 55
34 hz_1_2 56
34 y_1_2 57
34 hz_1_2 58
34 y_1_2 59
34 x_1_2 61
34 hz_1_2 62
34 x_1_2 63
34 x_1_2 64
34 hz_1_2 65
34 hz_1_2 66
34 x_1_2 67
34 y_1_2 69
34 y_1_2 70
34 hz_1_2 71
34 x_1_2 72
34 y_1_2 74
34 x_1_2 77
34 x_1_2 78
34 hz_1_2 79
35 fsimplus(1.5707963267948966, 0.5235987755982988, 0, 0, 0) 12 19
35 fsimplus(1.5707963267948966, 0.5235987755982988, 0, 0, 0) 18 25
35 fsimplus(1.5707963267948966, 0.5235987755982988, 0, 0, 0) 20 27
35 fsimplus(1.5707963267948966, 0.5235987755982988, 0, 0, 0) 26 33
35 fsimplus(1.5707963267948966, 0.5235987755982988, 0, 0, 0) 29 36
35 fsimplus(1.5707963267948966, 0.5235987755982988, 0, 0, 0) 31 38
35 fsimplus(1.5707963267948966, 0.5235987755982988, 0, 0, 0) 32 39
35 fsimplus(1.5707963267948966, 0.5235987755982988, 0, 0, 0) 34 41
35 fsimplus(1.5707963267948966, 0.5235987755982988, 0, 0, 0) 35 42
35 fsimplus(1.5707963267948966, 0.5235987755982988, 0, 0, 0) 37 44
35 fsimplus(1.5707963267948966, 0.5235987755982988, 0, 0, 0) 40 47
35 fsimplus(1.5707963267948966, 0.5235987755982988, 0, 0, 0) 43 50
35 fsimplus(1.5707963267948966, 0.5235987755982988, 0, 0, 0) 46 53
35 fsimplus(1.5707963267948966, 0.5235987755982988, 0, 0, 0) 48 55
35 fsimplus(1.5707963267948966, 0.5235987755982988, 0, 0, 0) 51 58
35 fsimplus(1.5707963267948966, 0.5235987755982988, 0, 0, 0) 54 61
35 fsimplus(1.5707963267948966, 0.5235987755982988, 0, 0, 0) 57 64
35 fsimplus(1.5707963267948966, 0.5235987755982988, 0, 0, 0) 62 69
35 fsimplus(1.5707963267948966, 0.5235987755982988, 0, 0, 0) 63 70
35 fsimplus(1.5707963267948966, 0.5235987755982988, 0, 0, 0) 65 72
35 fsimplus(1.5707963267948966, 0.5235987755982988, 0, 0, 0) 71 78
36 y_1_2 11
36 x_1_2 12
36 x_1_2 17
36 y_1_2 18
36 hz_1_2 19
36 hz_1_2 20
36 y_1_2 25
36 x_1_2 26
36 y_1_2 27
36 x_1_2 28
36 y_1_2 29
36 x_1_2 31
36 x_1_2 32
36 y_1_2 33
36 hz_1_2 34
36 y_1_2 35
36 hz_1_2 36
36 x_1_2 37
36 y_1_2 38
36 hz_1_2 39
36 hz_1_2 40
36 x_1_2 41
36 y_1_2 42
36 x_1_2 43
36 hz_1_2 44
36 y_1_2 45
36 hz_1_2 46
36 hz_1_2 47
36 hz_1_2 48
36 hz_1_2 50
36 y_1_2 51
36 y_1_2 53
36 hz_1_2 54
36 hz_1_2 55
36 x_1_2 56
36 hz_1_2 57
36 y_1_2 58
36 hz_1_2 59
36 y_1_2 61
36 x_1_2 62
36 y_1_2 63
36 hz_1_2 64
36 y_1_2 65
36 x_1_2 66
36 hz_1_2 67
36 x_1_2 69
36 x_1_2 70
36 y_1_2 71
36 y_1_2 72
36 hz_1_2 74
36 hz_1_2 77
36 y_1_2 78
36 y_1_2 79