53
0 y_1_2 11
0 x_1_2 12
0 hz_1_2 17
0 hz_1_2 18
0 hz_1_2 19
0 hz_1_2 20
0 x_1_2 25
0 hz_1_2 26
0 x_1_2 27
0 hz_1_2 28
0 hz_1_2 29
0 x_1_2 31
0 y_1_2 32
0 x_1_2 33
0 x_1_2 34
0 x_1_2 35
0 hz_1_2 36
0 y_1_2 37
0 x_1_2 38
0 y_1_2 39
0 x_1_2 40
0 x_1_2 41
0 x_1_2 42
0 x_1_2 43
0 y_1_2 44
0 x_1_2 45
0 x_1_2 46
0 hz_1_2 47
0 x_1_2 48
0 y_1_2 50
0 y_1_2 51
0 hz_1_2 53
0 x_1_2 54
0 hz_1_2 55
0 hz_1_2 56
0 x_1_2 57
0 hz_1_2 58
0 x_1_2 59
0 y_1_2 61
0 hz_1_2 62
0 hz_1_2 63
0 y_1_2 64
0 y_1_2 65
0 hz_1_2 66
0 x_1_2 67
0 y_1_2 69
0 hz_1_2 70
0 x_1_2 71
0 y_1_2 72
0 hz_1_2 74
0 hz_1_2 77
0 y_1_2 78
0 y_1_2 79
1 fsimplus(1.5707963267948966, 0.5235987755982988, 0, 0, 0) 11 18
1 fsimplus(1.5707963267948966, 0.5235987755982988, 0, 0, 0) 19 26
1 fsimplus(1.5707963267948966, 0.5235987755982988, 0, 0, 0) 25 32
1 fsimplus(1.5707963267948966, 0.5235987755982988, 0, 0, 0) 27 34
1 fsimplus(1.5707963267948966, 0.5235987755982988, 0, 0, 0) 28 35
1 fsimplus(1.5707963267948966, 0.5235987755982988, 0, 0, 0) 33 40
1 fsimplus(1.5707963267948966, 0.5235987755982988, 0, 0, 0) 38 45
1 fsimplus(1.5707963267948966, 0.5235987755982988, 0, 0, 0) 39 46
1 fsimplus(1.5707963267948966, 0.5235987755982988, 0, 0, 0) 41 48
1 fsimplus(1.5707963267948966, 0.5235987755982988, 0, 0, 0) 44 51
1 fsimplus(1.5707963267948966, 0.5235987755982988, 0, 0, 0) 47 54
1 fsimplus(1.5707963267948966, 0.5235987755982988, 0, 0, 0) 50 57
1 fsimplus(1.5707963267948966, 0.5235987755982988, 0, 0, 0) 55 62
1 fsimplus(1.5707963267948966, 0.5235987755982988, 0, 0, 0) 56 63
1 fsimplus(1.5707963267948966, 0.5235987755982988, 0, 0, 0) 58 65
1 fsimplus(1.5707963267948966, 0.5235987755982988, 0, 0, 0) 59 66
1 fsimplus(1.5707963267948966, 0.5235987755982988, 0, 0, 0) 67 74
1 fsimplus(1.5707963267948966, 0.5235987755982988, 0, 0, 0) 70 77
2 hz_1_2 11
2 y_1_2 12
2 x_1_2 17
2 x_1_2 18
2 x_1_2 19
2 x_1_2 20
2 hz_1_2 25
2 y_1_2 26
2 hz_1_2 27
2 x_1_2 28
2 y_1_2 29
2 hz_1_2 31
2 hz_1_2 32
2 hz_1_2 33
2 hz_1_2 34
2 y_1_2 35
2 x_1_2 36
2 x_1_2 37
2 hz_1_2 38
2 hz_1_2 39
2 hz_1_2 40
2 hz_1_2 41
2 hz_1_2 42
2 hz_1_2 43
2 hz_1_2 44
2 y_1_2 45
2 hz_1_2 46
2 y_1_2 47
2 hz_1_2 48
2 x_1_2 50
2 hz_1_2 51
2 x_1_2 53
2 hz_1_2 54
2 y_1_2 55
2 y_1_2 56
2 hz_1_2 57
2 x_1_2 58
2 y_1_2 59
2 hz_1_2 61
2 y_1_2 62
2 x_1_2 63
2 hz_1_2 64
2 x_1_2 65
2 x_1_2 66
2 y_1_2 67
2 x_1_2 69
2 x_1_2 70
2 hz_1_2 71
2 hz_1_2 72
2 y_1_2 74
2 x_1_2 77
2 x_1_2 78
2 x_1_2 79
3 fsimplus(1.5707963267948966, 0.5235987755982988, 0, 0, 0) 12 19
3 fsimplus(1.5707963267948966, 0.5235987755982988, 0, 0, 0) 20 27
3 fsimplus(1.5707963267948966, 0.5235987755982988, 0, 0, 0) 29 36
3 fsimplus(1.5707963267948966, 0.5235987755982988, 0, 0, 0) 31 38
3 fsimplus(1.5707963267948966, 0.5235987755982988, 0, 0, 0) 32 39
3 fsimplus(1.5707963267948966, 0.5235987755982988, 0, 0, 0) 35 42
3 fsimplus(1.5707963267948966, 0.5235987755982988, 0, 0, 0) 43 50
3 fsimplus(1.5707963267948966, 0.5235987755982988, 0, 0, 0) 46 53
3 fsimplus(1.5707963267948966, 0.5235987755982988, 0, 0, 0) 51 58
3 fsimplus(1.5707963267948966, 0.5235987755982988, 0, 0, 0) 54 61
3 fsimplus(1.5707963267948966, 0.5235987755982988, 0, 0, 0) 57 64
3 fsimplus(1.5707963267948966, 0.5235987755982988, 0, 0, 0) 62 69
3 fsimplus(1.5707963267948966, 0.5235987755982988, 0, 0, 0) 63 70
3 fsimplus(1.5707963267948966, 0.5235987755982988, 0, 0, 0) 65 72
3 fsimplus(1.5707963267948966, 0.5235987755982988, 0, 0, 0) 71 78
4 y_1_2 11
4 hz_1_2 12
4 y_1_2 17
4 y_1_2 18
4 y_1_2 19
4 hz_1_2 20
4 y_1_2 25
4 hz_1_2 26
4 y_1_2 27
4 hz_1_2 28
4 hz_1_2 29
4 y_1_2 31
4 x_1_2 32
4 y_1_2 33
4 x_1_2 34
4 hz_1_2 35
4 hz_1_2 36
4 hz_1_2 37
4 y_1_2 38
4 y_1_2 39
4 x_1_2 40
4 x_1_2 41
4 x_1_2 42
4 x_1_2 43
4 y_1_2 44
4 x_1_2 45
4 x_1_2 46
4 hz_1_2 47
4 x_1_2 48
4 y_1_2 50
4 y_1_2 51
4 hz_1_2 53
4 y_1_2 54
4 hz_1_2 55
4 hz_1_2 56
4 y_1_2 57
4 y_1_2 58
4 x_1_2 59
4 y_1_2 61
4 x_1_2 62
4 hz_1_2 63
4 y_1_2 64
4 hz_1_2 65
4 hz_1_2 66
4 x_1_2 67
4 y_1_2 69
4 y_1_2 70
4 y_1_2 71
4 x_1_2 72
4 hz_1_2 74
4 hz_1_2 77
4 y_1_2 78
4 y_1_2 79
5 fsimplus(1.5707963267948966, 0.5235987755982988, 0, 0, 0) 17 25
5 fsimplus(1.5707963267948966, 0.5235987755982988, 0, 0, 0) 18 26
5 fsimplus(1.5707963267948966, 0.5235987755982988, 0, 0, 0) 19 27
5 fsimplus(1.5707963267948966, 0.5235987755982988, 0, 0, 0) 20 28
5 fsimplus(1.5707963267948966, 0.5235987755982988, 0, 0, 0) 32 40
5 fsimplus(1.5707963267948966, 0.5235987755982988, 0, 0, 0) 33 41
5 fsimplus(1.5707963267948966, 0.5235987755982988, 0, 0, 0) 34 42
5 fsimplus(1.5707963267948966, 0.5235987755982988, 0, 0, 0) 45 53
5 fsimplus(1.5707963267948966, 0.5235987755982988, 0, 0, 0) 50 58
5 fsimplus(1.5707963267948966, 0.5235987755982988, 0, 0, 0) 51 59
5 fsimplus(1.5707963267948966, 0.5235987755982988, 0, 0, 0) 55 63
5 fsimplus(1.5707963267948966, 0.5235987755982988, 0, 0, 0) 61 69
5 fsimplus(1.5707963267948966, 0.5235987755982988, 0, 0, 0) 62 70
5 fsimplus(1.5707963267948966, 0.5235987755982988, 0, 0, 0) 64 72
5 fsimplus(1.5707963267948966, 0.5235987755982988, 0, 0, 0) 66 74
5 fsimplus(1.5707963267948966, 0.5235987755982988, 0, 0, 0) 71 79
6 x_1_2 11
6 y_1_2 12
6 hz_1_2 17
6 x_1_2 18
6 x_1_2 19
6 y_1_2 20
6 x_1_2 25
6 y_1_2 26
6 hz_1_2 27
6 y_1_2 28
6 y_1_2 29
6 hz_1_2 31
6 hz_1_2 32
6 hz_1_2 33
6 y_1_2 34
6 y_1_2 35
6 y_1_2 36
6 y_1_2 37
6 hz_1_2 38
6 x_1_2 39
6 hz_1_2 40
6 hz_1_2 41
6 y_1_2 42
6 y_1_2 43
6 hz_1_2 44
6 y_1_2 45
6 hz_1_2 46
6 x_1_2 47
6 y_1_2 48
6 hz_1_2 50
6 x_1_2 51
6 y_1_2 53
6 hz_1_2 54
6 x_1_2 55
6 x_1_2 56
6 hz_1_2 57
6 x_1_2 58
6 y_1_2 59
6 x_1_2 61
6 hz_1_2 62
6 y_1_2 63
6 hz_1_2 64
6 y_1_2 65
6 x_1_2 66
6 y_1_2 67
6 hz_1_2 69
6 x_1_2 70
6 x_1_2 71
6 hz_1_2 72
6 y_1_2 74
6 y_1_2 77
6 x_1_2 78
6 x_1_2 79
7 fsimplus(1.5707963267948966, 0.5235987755982988, 0, 0, 0) 11 19
7 fsimplus(1.5707963267948966, 0.5235987755982988, 0, 0, 0) 12 20
7 fsimplus(1.5707963267948966, 0.5235987755982988, 0, 0, 0) 25 33
7 fsimplus(1.5707963267948966, 0.5235987755982988, 0, 0, 0) 26 34
7 fsimplus(1.5707963267948966, 0.5235987755982988, 0, 0, 0) 27 35
7 fsimplus(1.5707963267948966, 0.5235987755982988, 0, 0, 0) 28 36
7 fsimplus(1.5707963267948966, 0.5235987755982988, 0, 0, 0) 29 37
7 fsimplus(1.5707963267948966, 0.5235987755982988, 0, 0, 0) 38 46
7 fsimplus(1.5707963267948966, 0.5235987755982988, 0, 0, 0) 40 48
7 fsimplus(1.5707963267948966, 0.5235987755982988, 0, 0, 0) 43 51
7 fsimplus(1.5707963267948966, 0.5235987755982988, 0, 0, 0) 47 55
7 fsimplus(1.5707963267948966, 0.5235987755982988, 0, 0, 0) 54 62
7 fsimplus(1.5707963267948966, 0.5235987755982988, 0, 0, 0) 57 65
7 fsimplus(1.5707963267948966, 0.5235987755982988, 0, 0, 0) 58 66
7 fsimplus(1.5707963267948966, 0.5235987755982988, 0, 0, 0) 59 67
7 fsimplus(1.5707963267948966, 0.5235987755982988, 0, 0, 0) 63 71
7 fsimplus(1.5707963267948966, 0.5235987755982988, 0, 0, 0) 69 77
7 fsimplus(1.5707963267948966, 0.5235987755982988, 0, 0, 0) 70 78
8 y_1_2 11
8 x_1_2 12
8 y_1_2 17
8 y_1_2 18
8 hz_1_2 19
8 x_1_2 20
8 hz_1_2 25
8 hz_1_2 26
8 y_1_2 27
8 hz_1_2 28
8 hz_1_2 29
8 y_1_2 31
8 y_1_2 32
8 y_1_2 33
8 hz_1_2 34
8 hz_1_2 35
8 x_1_2 36
8 hz_1_2 37
8 x_1_2 38
8 hz_1_2 39
8 x_1_2 40
8 x_1_2 41
8 hz_1_2 42
8 x_1_2 43
8 y_1_2 44
8 x_1_2 45
8 y_1_2 46
8 y_1_2 47
8 x_1_2 48
8 x_1_2 50
8 hz_1_2 51
8 x_1_2 53
8 x_1_2 54
8 hz_1_2 55
8 hz_1_2 56
8 y_1_2 57
8 hz_1_2 58
8 hz_1_2 59
8 hz_1_2 61
8 y_1_2 62
8 hz_1_2 63
8 x_1_2 64
8 hz_1_2 65
8 hz_1_2 66
8 x_1_2 67
8 y_1_2 69
8 y_1_2 70
8 hz_1_2 71
8 x_1_2 72
8 x_1_2 74
8 hz_1_2 77
8 y_1_2 78
8 y_1_2 79
9 fsimplus(1.5707963267948966, 0.5235987755982988, 0, 0, 0) 17 25
9 fsimplus(1.5707963267948966, 0.5235987755982988, 0, 0, 0) 18 26
9 fsimplus(1.5707963267948966, 0.5235987755982988, 0, 0, 0) 19 27
9 fsimplus(1.5707963267948966, 0.5235987755982988, 0, 0, 0) 20 28
9 fsimplus(1.5707963267948966, 0.5235987755982988, 0, 0, 0) 32 40
9 fsimplus(1.5707963267948966, 0.5235987755982988, 0, 0, 0) 33 41
9 fsimplus(1.5707963267948966, 0.5235987755982988, 0, 0, 0) 34 42
9 fsimplus(1.5707963267948966, 0.5235987755982988, 0, 0, 0) 45 53
9 fsimplus(1.5707963267948966, 0.5235987755982988, 0, 0, 0) 50 58
9 fsimplus(1.5707963267948966, 0.5235987755982988, 0, 0, 0) 51 59
9 fsimplus(1.5707963267948966, 0.5235987755982988, 0, 0, 0) 55 63
9 fsimplus(1.5707963267948966, 0.5235987755982988, 0, 0, 0) 61 69
9 fsimplus(1.5707963267948966, 0.5235987755982988, 0, 0, 0) 62 70
9 fsimplus(1.5707963267948966, 0.5235987755982988, 0, 0, 0) 64 72
9 fsimplus(1.5707963267948966, 0.5235987755982988, 0, 0, 0) 66 74
9 fsimplus(1.5707963267948966, 0.5235987755982988, 0, 0, 0) 71 79
10 x_1_2 11
10 hz_1_2 12
10 x_1_2 17
10 hz_1_2 18
10 y_1_2 19
10 hz_1_2 20
10 y_1_2 25
10 y_1_2 26
10 x_1_2 27
10 y_1_2 28
10 y_1_2 29
10 x_1_2 31
10 hz_1_2 32
10 hz_1_2 33
10 y_1_2 34
10 x_1_2 35
10 y_1_2 36
10 x_1_2 37
10 y_1_2 38
10 y_1_2 39
10 hz_1_2 40
10 y_1_2 41
10 y_1_2 42
10 hz_1_2 43
10 x_1_2 44
10 hz_1_2 45
10 x_1_2 46
10 x_1_2 47
10 y_1_2 48
10 hz_1_2 50
10 x_1_2 51
10 hz_1_2 53
10 y_1_2 54
10 y_1_2 55
10 x_1_2 56
10 hz_1_2 57
10 x_1_2 58
10 y_1_2 59
10 x_1_2 61
10 x_1_2 62
10 y_1_2 63
10 y_1_2 64
10 y_1_2 65
10 x_1_2 66
10 y_1_2 67
10 x_1_2 69
10 x_1_2 70
10 y_1_2 71
10 hz_1_2 72
10 y_1_2 74
10 x_1_2 77
10 x_1_2 78
10 hz_1_2 79
11 fsimplus(1.5707963267948966, 0.5235987755982988, 0, 0, 0) 11 19
11 fsimplus(1.5707963267948966, 0.5235987755982988, 0, 0, 0) 12 20
11 fsimplus(1.5707963267948966, 0.5235987755982988, 0, 0, 0) 25 33
11 fsimplus(1.5707963267948966, 0.5235987755982988, 0, 0, 0) 26 34
11 fsimplus(1.5707963267948966, 0.5235987755982988, 0, 0, 0) 27 35
11 fsimplus(1.5707963267948966, 0.5235987755982988, 0, 0, 0) 28 36
11 fsimplus(1.5707963267948966, 0.5235987755982988, 0, 0, 0) 29 37
11 fsimplus(1.5707963267948966, 0.5235987755982988, 0, 0, 0) 38 46
11 fsimplus(1.5707963267948966, 0.5235987755982988, 0, 0, 0) 40 48
11 fsimplus(1.5707963267948966, 0.5235987755982988, 0, 0, 0) 43 51
11 fsimplus(1.5707963267948966, 0.5235987755982988, 0, 0, 0) 47 55
11 fsimplus(1.5707963267948966, 0.5235987755982988, 0, 0, 0) 54 62
11 fsimplus(1.5707963267948966, 0.5235987755982988, 0, 0, 0) 57 65
11 fsimplus(1.5707963267948966, 0.5235987755982988, 0, 0, 0) 58 66
11 fsimplus(1.5707963267948966, 0.5235987755982988, 0, 0, 0) 59 67
11 fsimplus(1.5707963267948966, 0.5235987755982988, 0, 0, 0) 63 71
11 fsimplus(1.5707963267948966, 0.5235987755982988, 0, 0, 0) 69 77
11 fsimplus(1.5707963267948966, 0.5235987755982988, 0, 0, 0) 70 78
12 y_1_2 11
12 x_1_2 12
12 hz_1_2 17
12 y_1_2 18
12 x_1_2 19
12 x_1_2 20
12 hz_1_2 25
12 hz_1_2 26
12 hz_1_2 27
12 x_1_2 28
12 hz_1_2 29
12 hz_1_2 31
12 x_1_2 32
12 y_1_2 33
12 hz_1_2 34
12 y_1_2 35
12 x_1_2 36
12 hz_1_2 37
12 x_1_2 38
12 hz_1_2 39
12 y_1_2 40
12 hz_1_2 41
12 hz_1_2 42
12 x_1_2 43
12 y_1_2 44
12 x_1_2 45
12 y_1_2 46
12 hz_1_2 47
12 hz_1_2 48
12 x_1_2 50
12 hz_1_2 51
12 y_1_2 53
12 hz_1_2 54
12 hz_1_2 55
12 y_1_2 56
12 y_1_2 57
12 y_1_2 58
12 x_1_2 59
12 y_1_2 61
12 hz_1_2 62
12 x_1_2 63
12 hz_1_2 64
12 x_1_2 65
12 y_1_2 66
12 x_1_2 67
12 y_1_2 69
12 hz_1_2 70
12 x_1_2 71
12 y_1_2 72
12 hz_1_2 74
12 hz_1_2 77
12 hz_1_2 78
12 y_1_2 79
13 fsimplus(1.5707963267948966, 0.5235987755982988, 0, 0, 0) 11 18
13 fsimplus(1.5707963267948966, 0.5235987755982988, 0, 0, 0) 19 26
13 fsimplus(1.5707963267948966, 0.5235987755982988, 0, 0, 0) 25 32
13 fsimplus(1.5707963267948966, 0.5235987755982988, 0, 0, 0) 27 34
13 fsimplus(1.5707963267948966, 0.5235987755982988, 0, 0, 0) 28 35
13 fsimplus(1.5707963267948966, 0.5235987755982988, 0, 0, 0) 33 40
13 fsimplus(1.5707963267948966, 0.5235987755982988, 0, 0, 0) 38 45
13 fsimplus(1.5707963267948966, 0.5235987755982988, 0, 0, 0) 39 46
13 fsimplus(1.5707963267948966, 0.5235987755982988, 0, 0, 0) 41 48
13 fsimplus(1.5707963267948966, 0.5235987755982988, 0, 0, 0) 44 51
13 fsimplus(1.5707963267948966, 0.5235987755982988, 0, 0, 0) 47 54
13 fsimplus(1.5707963267948966, 0.5235987755982988, 0, 0, 0) 50 57
13 fsimplus(1.5707963267948966, 0.5235987755982988, 0, 0, 0) 55 62
13 fsimplus(1.5707963267948966, 0.5235987755982988, 0, 0, 0) 56 63
13 fsimplus(1.5707963267948966, 0.5235987755982988, 0, 0, 0) 58 65
13 fsimplus(1.5707963267948966, 0.5235987755982988, 0, 0, 0) 59 66
13 fsimplus(1.5707963267948966, 0.5235987755982988, 0, 0, 0) 67 74
13 fsimplus(1.5707963267948966, 0.5235987755982988, 0, 0, 0) 70 77
14 x_1_2 11
14 hz_1_2 12
14 y_1_2 17
14 x_1_2 18
14 hz_1_2 19
14 hz_1_2 20
14 y_1_2 25
14 y_1_2 26
14 x_1_2 27
14 y_1_2 28
14 x_1_2 29
14 x_1_2 31
14 hz_1_2 32
14 x_1_2 33
14 x_1_2 34
14 x_1_2 35
14 hz_1_2 36
14 y_1_2 37
14 y_1_2 38
14 y_1_2 39
14 hz_1_2 40
14 x_1_2 41
14 x_1_2 42
14 y_1_2 43
14 hz_1_2 44
14 y_1_2 45
14 x_1_2 46
14 y_1_2 47
14 y_1_2 48
14 hz_1_2 50
14 y_1_2 51
14 hz_1_2 53
14 x_1_2 54
14 x_1_2 55
14 x_1_2 56
14 hz_1_2 57
14 hz_1_2 58
14 y_1_2 59
14 x_1_2 61
14 y_1_2 62
14 hz_1_2 63
14 x_1_2 64
14 hz_1_2 65
14 x_1_2 66
14 y_1_2 67
14 x_1_2 69
14 y_1_2 70
14 y_1_2 71
14 hz_1_2 72
14 x_1_2 74
14 x_1_2 77
14 y_1_2 78
14 hz_1_2 79
15 fsimplus(1.5707963267948966, 0.5235987755982988, 0, 0, 0) 12 19
15 fsimplus(1.5707963267948966, 0.5235987755982988, 0, 0, 0) 20 27
15 fsimplus(1.5707963267948966, 0.5235987755982988, 0, 0, 0) 29 36
15 fsimplus(1.5707963267948966, 0.5235987755982988, 0, 0, 0) 31 38
15 fsimplus(1.5707963267948966, 0.5235987755982988, 0, 0, 0) 32 39
15 fsimplus(1.5707963267948966, 0.5235987755982988, 0, 0, 0) 35 42
15 fsimplus(1.5707963267948966, 0.5235987755982988, 0, 0, 0) 43 50
15 fsimplus(1.5707963267948966, 0.5235987755982988, 0, 0, 0) 46 53
15 fsimplus(1.5707963267948966, 0.5235987755982988, 0, 0, 0) 51 58
15 fsimplus(1.5707963267948966, 0.5235987755982988, 0, 0, 0) 54 61
15 fsimplus(1.5707963267948966, 0.5235987755982988, 0, 0, 0) 57 64
15 fsimplus(1.5707963267948966, 0.5235987755982988, 0, 0, 0) 62 69
15 fsimplus(1.5707963267948966, 0.5235987755982988, 0, 0, 0) 63 70
15 fsimplus(1.5707963267948966, 0.5235987755982988, 0, 0, 0) 65 72
15 fsimplus(1.5707963267948966, 0.5235987755982988, 0, 0, 0) 71 78
16 y_1_2 11
16 x_1_2 12
16 x_1_2 17
16 y_1_2 18
16 y_1_2 19
16 y_1_2 20
16 hz_1_2 25
16 x_1_2 26
16 hz_1_2 27
16 x_1_2 28
16 hz_1_2 29
16 hz_1_2 31
16 y_1_2 32
16 y_1_2 33
16 y_1_2 34
16 y_1_2 35
16 x_1_2 36
16 x_1_2 37
16 x_1_2 38
16 x_1_2 39
16 y_1_2 40
16 y_1_2 41
16 y_1_2 42
16 hz_1_2 43
16 y_1_2 44
16 x_1_2 45
16 y_1_2 46
16 x_1_2 47
16 x_1_2 48
16 x_1_2 50
16 x_1_2 51
16 y_1_2 53
16 y_1_2 54
16 y_1_2 55
16 y_1_2 56
16 y_1_2 57
16 x_1_2 58
16 x_1_2 59
16 y_1_2 61
16 x_1_2 62
16 y_1_2 63
16 hz_1_2 64
16 x_1_2 65
16 y_1_2 66
16 x_1_2 67
16 hz_1_2 69
16 x_1_2 70
16 hz_1_2 71
16 y_1_2 72
16 hz_1_2 74
16 y_1_2 77
16 x_1_2 78
16 x_1_2 79
17 fsimplus(1.5707963267948966, 0.5235987755982988, 0, 0, 0) 11 18
17 fsimplus(1.5707963267948966, 0.5235987755982988, 0, 0, 0) 19 26
17 fsimplus(1.5707963267948966, 0.5235987755982988, 0, 0, 0) 25 32
17 fsimplus(1.5707963267948966, 0.5235987755982988, 0, 0, 0) 27 34
17 fsimplus(1.5707963267948966, 0.5235987755982988, 0, 0, 0) 28 35
17 fsimplus(1.5707963267948966, 0.5235987755982988, 0, 0, 0) 33 40
17 fsimplus(1.5707963267948966, 0.5235987755982988, 0, 0, 0) 38 45
17 fsimplus(1.5707963267948966, 0.5235987755982988, 0, 0, 0) 39 46
17 fsimplus(1.5707963267948966, 0.5235987755982988, 0, 0, 0) 41 48
17 fsimplus(1.5707963267948966, 0.5235987755982988, 0, 0, 0) 44 51
17 fsimplus(1.5707963267948966, 0.5235987755982988, 0, 0, 0) 47 54
17 fsimplus(1.5707963267948966, 0.5235987755982988, 0, 0, 0) 50 57
17 fsimplus(1.5707963267948966, 0.5235987755982988, 0, 0, 0) 55 62
17 fsimplus(1.5707963267948966, 0.5235987755982988, 0, 0, 0) 56 63
17 fsimplus(1.5707963267948966, 0.5235987755982988, 0, 0, 0) 58 65
17 fsimplus(1.5707963267948966, 0.5235987755982988, 0, 0, 0) 59 66
17 fsimplus(1.5707963267948966, 0.5235987755982988, 0, 0, 0) 67 74
17 fsimplus(1.5707963267948966, 0.5235987755982988, 0, 0, 0) 70 77
18 hz_1_2 11
18 hz_1_2 12
18 hz_1_2 17
18 hz_1_2 18
18 hz_1_2 19
18 x_1_2 20
18 y_1_2 25
18 y_1_2 26
18 y_1_2 27
18 hz_1_2 28
18 x_1_2 29
18 y_1_2 31
18 x_1_2 32
18 x_1_2 33
18 hz_1_2 34
18 hz_1_2 35
18 y_1_2 36
18 hz_1_2 37
18 y_1_2 38
18 hz_1_2 39
18 x_1_2 40
18 x_1_2 41
18 hz_1_2 42
18 x_1_2 43
18 x_1_2 44
18 y_1_2 45
18 x_1_2 46
18 hz_1_2 47
18 y_1_2 48
18 y_1_2 50
18 y_1_2 51
18 x_1_2 53
18 hz_1_2 54
18 x_1_2 55
18 x_1_2 56
18 hz_1_2 57
18 hz_1_2 58
18 y_1_2 59
18 x_1_2 61
18 y_1_2 62
18 hz_1_2 63
18 y_1_2 64
18 y_1_2 65
18 hz_1_2 66
18 hz_1_2 67
18 y_1_2 69
18 hz_1_2 70
18 y_1_2 71
18 hz_1_2 72
18 y_1_2 74
18 x_1_2 77
18 hz_1_2 78
18 y_1_2 79
19 fsimplus(1.5707963267948966, 0.5235987755982988, 0, 0, 0) 12 19
19 fsimplus(1.5707963267948966, 0.5235987755982988, 0, 0, 0) 20 27
19 fsimplus(1.5707963267948966, 0.5235987755982988, 0, 0, 0) 29 36
19 fsimplus(1.5707963267948966, 0.5235987755982988, 0, 0, 0) 31 38
19 fsimplus(1.5707963267948966, 0.5235987755982988, 0, 0, 0) 32 39
19 fsimplus(1.5707963267948966, 0.5235987755982988, 0, 0, 0) 35 42
19 fsimplus(1.5707963267948966, 0.5235987755982988, 0, 0, 0) 43 50
19 fsimplus(1.5707963267948966, 0.5235987755982988, 0, 0, 0) 46 53
19 fsimplus(1.5707963267948966, 0.5235987755982988, 0, 0, 0) 51 58
19 fsimplus(1.5707963267948966, 0.5235987755982988, 0, 0, 0) 54 61
19 fsimplus(1.5707963267948966, 0.5235987755982988, 0, 0, 0) 57 64
19 fsimplus(1.5707963267948966, 0.5235987755982988, 0, 0, 0) 62 69
19 fsimplus(1.5707963267948966, 0.5235987755982988, 0, 0, 0) 63 70
19 fsimplus(1.5707963267948966, 0.5235987755982988, 0, 0, 0) 65 72
19 fsimplus(1.5707963267948966, 0.5235987755982988, 0, 0, 0) 71 78
20 x_1_2 11
20 x_1_2 12
20 x_1_2 17
20 x_1_2 18
20 y_1_2 19
20 y_1_2 20
20 x_1_2 25
20 hz_1_2 26
20 x_1_2 27
20 y_1_2 28
20 y_1_2 29
20 hz_1_2 31
20 hz_1_2 32
20 y_1_2 33
20 y_1_2 34
20 x_1_2 35
20 hz_1_2 36
20 y_1_2 37
20 hz_1_2 38
20 x_1_2 39
20 hz_1_2 40
20 hz_1_2 41
20 x_1_2 42
20 y_1_2 43
20 hz_1_2 44
20 x_1_2 45
20 y_1_2 46
20 y_1_2 47
20 x_1_2 48
20 x_1_2 50
20 hz_1_2 51
20 y_1_2 53
20 y_1_2 54
20 hz_1_2 55
20 hz_1_2 56
20 x_1_2 57
20 y_1_2 58
20 hz_1_2 59
20 y_1_2 61
20 hz_1_2 62
20 x_1_2 63
20 x_1_2 64
20 x_1_2 65
20 x_1_2 66
20 y_1_2 67
20 x_1_2 69
20 x_1_2 70
20 x_1_2 71
20 y_1_2 72
20 x_1_2 74
20 hz_1_2 77
20 x_1_2 78
20 hz_1_2 79
21 fsimplus(1.5707963267948966, 0.5235987755982988, 0, 0, 0) 17 25
21 fsimplus(1.5707963267948966, 0.5235987755982988, 0, 0, 0) 18 26
21 fsimplus(1.5707963267948966, 0.5235987755982988, 0, 0, 0) 19 27
21 fsimplus(1.5707963267948966, 0.5235987755982988, 0, 0, 0) 20 28
21 fsimplus(1.5707963267948966, 0.5235987755982988, 0, 0, 0) 32 40
21 fsimplus(1.5707963267948966, 0.5235987755982988, 0, 0, 0) 33 41
21 fsimplus(1.5707963267948966, 0.5235987755982988, 0, 0, 0) 34 42
21 fsimplus(1.5707963267948966, 0.5235987755982988, 0, 0, 0) 45 53
21 fsimplus(1.5707963267948966, 0.5235987755982988, 0, 0, 0) 50 58
21 fsimplus(1.5707963267948966, 0.5235987755982988, 0, 0, 0) 51 59
21 fsimplus(1.5707963267948966, 0.5235987755982988, 0, 0, 0) 55 63
21 fsimplus(1.5707963267948966, 0.5235987755982988, 0, 0, 0) 61 69
21 fsimplus(1.5707963267948966, 0.5235987755982988, 0, 0, 0) 62 70
21 fsimplus(1.5707963267948966, 0.5235987755982988, 0, 0, 0) 64 72
21 fsimplus(1.5707963267948966, 0.5235987755982988, 0, 0, 0) 66 74
21 fsimplus(1.5707963267948966, 0.5235987755982988, 0, 0, 0) 71 79
22 hz_1_2 11
22 hz_1_2 12
22 hz_1_2 17
22 y_1_2 18
22 hz_1_2 19
22 hz_1_2 20
22 hz_1_2 25
22 x_1_2 26
22 hz_1_2 27
22 x_1_2 28
22 x_1_2 29
22 y_1_2 31
22 x_1_2 32
22 hz_1_2 33
22 x_1_2 34
22 y_1_2 35
22 x_1_2 36
22 x_1_2 37
22 y_1_2 38
22 y_1_2 39
22 x_1_2 40
22 y_1_2 41
22 y_1_2 42
22 hz_1_2 43
22 x_1_2 44
22 y_1_2 45
22 x_1_2 46
22 hz_1_2 47
22 hz_1_2 48
22 hz_1_2 50
22 y_1_2 51
22 hz_1_2 53
22 x_1_2 54
22 y_1_2 55
22 y_1_2 56
22 hz_1_2 57
22 x_1_2 58
22 y_1_2 59
22 hz_1_2 61
22 y_1_2 62
22 y_1_2 63
22 y_1_2 64
22 hz_1_2 65
22 hz_1_2 66
22 x_1_2 67
22 y_1_2 69
22 y_1_2 70
22 y_1_2 71
22 hz_1_2 72
22 y_1_2 74
22 x_1_2 77
22 y_1_2 78
22 y_1_2 79
23 fsimplus(1.5707963267948966, 0.5235987755982988, 0, 0, 0) 11 19
23 fsimplus(1.5707963267948966, 0.5235987755982988, 0, 0, 0) 12 20
23 fsimplus(1.5707963267948966, 0.5235987755982988, 0, 0, 0) 25 33
23 fsimplus(1.5707963267948966, 0.5235987755982988, 0, 0, 0) 26 34
23 fsimplus(1.5707963267948966, 0.5235987755982988, 0, 0, 0) 27 35
23 fsimplus(1.5707963267948966, 0.5235987755982988, 0, 0, 0) 28 36
23 fsimplus(1.5707963267948966, 0.5235987755982988, 0, 0, 0) 29 37
23 fsimplus(1.5707963267948966, 0.5235987755982988, 0, 0, 0) 38 46
23 fsimplus(1.5707963267948966, 0.5235987755982988, 0, 0, 0) 40 48
23 fsimplus(1.5707963267948966, 0.5235987755982988, 0, 0, 0) 43 51
23 fsimplus(1.5707963267948966, 0.5235987755982988, 0, 0, 0) 47 55
23 fsimplus(1.5707963267948966, 0.5235987755982988, 0, 0, 0) 54 62
23 fsimplus(1.5707963267948966, 0.5235987755982988, 0, 0, 0) 57 65
23 fsimplus(1.5707963267948966, 0.5235987755982988, 0, 0, 0) 58 66
23 fsimplus(1.5707963267948966, 0.5235987755982988, 0, 0, 0) 59 67
23 fsimplus(1.5707963267948966, 0.5235987755982988, 0, 0, 0) 63 71
23 fsimplus(1.5707963267948966, 0.5235987755982988, 0, 0, 0) 69 77
23 fsimplus(1.5707963267948966, 0.5235987755982988, 0, 0, 0) 70 78
24 y_1_2 11
24 y_1_2 12
24 y_1_2 17
24 x_1_2 18
24 x_1_2 19
24 y_1_2 20
24 y_1_2 25
24 y_1_2 26
24 y_1_2 27
24 y_1_2 28
24 y_1_2 29
24 hz_1_2 31
24 y_1_2 32
24 y_1_2 33
24 hz_1_2 34
24 x_1_2 35
24 y_1_2 36
24 hz_1_2 37
24 x_1_2 38
24 hz_1_2 39
24 y_1_2 40
24 x_1_2 41
24 x_1_2 42
24 x_1_2 43
24 y_1_2 44
24 hz_1_2 45
24 hz_1_2 46
24 x_1_2 47
24 y_1_2 48
24 y_1_2 50
24 hz_1_2 51
24 x_1_2 53
24 hz_1_2 54
24 x_1_2 55
24 hz_1_2 56
24 y_1_2 57
24 y_1_2 58
24 hz_1_2 59
24 y_1_2 61
24 x_1_2 62
24 hz_1_2 63
24 x_1_2 64
24 x_1_2 65
24 y_1_2 66
24 y_1_2 67
24 hz_1_2 69
24 x_1_2 70
24 hz_1_2 71
24 x_1_2 72
24 hz_1_2 74
24 y_1_2 77
24 hz_1_2 78
24 x_1_2 79
25 fsimplus(1.5707963267948966, 0.5235987755982988, 0, 0, 0) 17 25
25 fsimplus(1.5707963267948966, 0.5235987755982988, 0, 0, 0) 18 26
25 fsimplus(1.5707963267948966, 0.5235987755982988, 0, 0, 0) 19 27
25 fsimplus(1.5707963267948966, 0.5235987755982988, 0, 0, 0) 20 28
25 fsimplus(1.5707963267948966, 0.5235987755982988, 0, 0, 0) 32 40
25 fsimplus(1.5707963267948966, 0.5235987755982988, 0, 0, 0) 33 41
25 fsimplus(1.5707963267948966, 0.5235987755982988, 0, 0, 0) 34 42
25 fsimplus(1.5707963267948966, 0.5235987755982988, 0, 0, 0) 45 53
25 fsimplus(1.5707963267948966, 0.5235987755982988, 0, 0, 0) 50 58
25 fsimplus(1.5707963267948966, 0.5235987755982988, 0, 0, 0) 51 59
25 fsimplus(1.5707963267948966, 0.5235987755982988, 0, 0, 0) 55 63
25 fsimplus(1.5707963267948966, 0.5235987755982988, 0, 0, 0) 61 69
25 fsimplus(1.5707963267948966, 0.5235987755982988, 0, 0, 0) 62 70
25 fsimplus(1.5707963267948966, 0.5235987755982988, 0, 0, 0) 64 72
25 fsimplus(1.5707963267948966, 0.5235987755982988, 0, 0, 0) 66 74
25 fsimplus(1.5707963267948966, 0.5235987755982988, 0, 0, 0) 71 79
26 x_1_2 11
26 x_1_2 12
26 hz_1_2 17
26 hz_1_2 18
26 y_1_2 19
26 hz_1_2 20
26 hz_1_2 25
26 hz_1_2 26
26 x_1_2 27
26 x_1_2 28
26 hz_1_2 29
26 y_1_2 31
26 x_1_2 32
26 hz_1_2 33
26 y_1_2 34
26 y_1_2 35
26 hz_1_2 36
26 y_1_2 37
26 y_1_2 38
26 x_1_2 39
26 hz_1_2 40
26 hz_1_2 41
26 y_1_2 42
26 y_1_2 43
26 x_1_2 44
26 y_1_2 45
26 y_1_2 46
26 y_1_2 47
26 x_1_2 48
26 x_1_2 50
26 x_1_2 51
26 hz_1_2 53
26 y_1_2 54
26 hz_1_2 55
26 x_1_2 56
26 x_1_2 57
26 x_1_2 58
26 x_1_2 59
26 x_1_2 61
26 hz_1_2 62
26 y_1_2 63
26 hz_1_2 64
26 y_1_2 65
26 hz_1_2 66
26 hz_1_2 67
26 x_1_2 69
26 y_1_2 70
26 x_1_2 71
26 y_1_2 72
26 y_1_2 74
26 hz_1_2 77
26 y_1_2 78
26 hz_1_2 79
27 fsimplus(1.5707963267948966, 0.5235987755982988, 0, 0, 0) 11 19
27 fsimplus(1.5707963267948966, 0.5235987755982988, 0, 0, 0) 12 20
27 fsimplus(1.5707963267948966, 0.5235987755982988, 0, 0, 0) 25 33
27 fsimplus(1.5707963267948966, 0.5235987755982988, 0, 0, 0) 26 34
27 fsimplus(1.5707963267948966, 0.5235987755982988, 0, 0, 0) 27 35
27 fsimplus(1.5707963267948966, 0.5235987755982988, 0, 0, 0) 28 36
27 fsimplus(1.5707963267948966, 0.5235987755982988, 0, 0, 0) 29 37
27 fsimplus(1.5707963267948966, 0.5235987755982988, 0, 0, 0) 38 46
27 fsimplus(1.5707963267948966, 0.5235987755982988, 0, 0, 0) 40 48
27 fsimplus(1.5707963267948966, 0.5235987755982988, 0, 0, 0) 43 51
27 fsimplus(1.5707963267948966, 0.5235987755982988, 0, 0, 0) 47 55
27 fsimplus(1.5707963267948966, 0.5235987755982988, 0, 0, 0) 54 62
27 fsimplus(1.5707963267948966, 0.5235987755982988, 0, 0, 0) 57 65
27 fsimplus(1.5707963267948966, 0.5235987755982988, 0, 0, 0) 58 66
27 fsimplus(1.5707963267948966, 0.5235987755982988, 0, 0, 0) 59 67
27 fsimplus(1.5707963267948966, 0.5235987755982988, 0, 0, 0) 63 71
27 fsimplus(1.5707963267948966, 0.5235987755982988, 0, 0, 0) 69 77
27 fsimplus(1.5707963267948966, 0.5235987755982988, 0, 0, 0) 70 78
28 y_1_2 11
28 y_1_2 12
28 x_1_2 17
28 x_1_2 18
28 hz_1_2 19
28 y_1_2 20
28 y_1_2 25
28 y_1_2 26
28 hz_1_2 27
28 y_1_2 28
28 y_1_2 29
28 hz_1_2 31
28 y_1_2 32
28 x_1_2 33
28 hz_1_2 34
28 x_1_2 35
28 x_1_2 36
28 hz_1_2 37
28 hz_1_2 38
28 hz_1_2 39
28 x_1_2 40
28 y_1_2 41
28 x_1_2 42
28 x_1_2 43
28 y_1_2 44
28 x_1_2 45
28 hz_1_2 46
28 hz_1_2 47
28 y_1_2 48
28 hz_1_2 50
28 hz_1_2 51
28 x_1_2 53
28 x_1_2 54
28 y_1_2 55
28 hz_1_2 56
28 y_1_2 57
28 hz_1_2 58
28 hz_1_2 59
28 y_1_2 61
28 x_1_2 62
28 x_1_2 63
28 y_1_2 64
28 x_1_2 65
28 x_1_2 66
28 x_1_2 67
28 y_1_2 69
28 x_1_2 70
28 y_1_2 71
28 hz_1_2 72
28 hz_1_2 74
28 y_1_2 77
28 hz_1_2 78
28 x_1_2 79
29 fsimplus(1.5707963267948966, 0.5235987755982988, 0, 0, 0) 11 18
29 fsimplus(1.5707963267948966, 0.5235987755982988, 0, 0, 0) 19 26
29 fsimplus(1.5707963267948966, 0.5235987755982988, 0, 0, 0) 25 32
29 fsimplus(1.5707963267948966, 0.5235987755982988, 0, 0, 0) 27 34
29 fsimplus(1.5707963267948966, 0.5235987755982988, 0, 0, 0) 28 35
29 fsimplus(1.5707963267948966, 0.5235987755982988, 0, 0, 0) 33 40
29 fsimplus(1.5707963267948966, 0.5235987755982988, 0, 0, 0) 38 45
29 fsimplus(1.5707963267948966, 0.5235987755982988, 0, 0, 0) 39 46
29 fsimplus(1.5707963267948966, 0.5235987755982988, 0, 0, 0) 41 48
29 fsimplus(1.5707963267948966, 0.5235987755982988, 0, 0, 0) 44 51
29 fsimplus(1.5707963267948966, 0.5235987755982988, 0, 0, 0) 47 54
29 fsimplus(1.5707963267948966, 0.5235987755982988, 0, 0, 0) 50 57
29 fsimplus(1.5707963267948966, 0.5235987755982988, 0, 0, 0) 55 62
29 fsimplus(1.5707963267948966, 0.5235987755982988, 0, 0, 0) 56 63
29 fsimplus(1.5707963267948966, 0.5235987755982988, 0, 0, 0) 58 65
29 fsimplus(1.5707963267948966, 0.5235987755982988, 0, 0, 0) 59 66
29 fsimplus(1.5707963267948966, 0.5235987755982988, 0, 0, 0) 67 74
29 fsimplus(1.5707963267948966, 0.5235987755982988, 0, 0, 0) 70 77
30 x_1_2 11
30 x_1_2 12
30 y_1_2 17
30 hz_1_2 18
30 y_1_2 19
30 x_1_2 20
30 x_1_2 25
30 x_1_2 26
30 x_1_2 27
30 hz_1_2 28
30 hz_1_2 29
30 y_1_2 31
30 hz_1_2 32
30 hz_1_2 33
30 y_1_2 34
30 hz_1_2 35
30 hz_1_2 36
30 x_1_2 37
30 y_1_2 38
30 x_1_2 39
30 hz_1_2 40
30 x_1_2 41
30 hz_1_2 42
30 hz_1_2 43
30 x_1_2 44
30 hz_1_2 45
30 y_1_2 46
30 x_1_2 47
30 hz_1_2 48
30 x_1_2 50
30 x_1_2 51
30 y_1_2 53
30 y_1_2 54
30 x_1_2 55
30 x_1_2 56
30 hz_1_2 57
30 x_1_2 58
30 y_1_2 59
30 hz_1_2 61
30 y_1_2 62
30 hz_1_2 63
30 hz_1_2 64
30 hz_1_2 65
30 hz_1_2 66
30 y_1_2 67
30 x_1_2 69
30 y_1_2 70
30 x_1_2 71
30 x_1_2 72
30 y_1_2 74
30 hz_1_2 77
30 y_1_2 78
30 hz_1_2 79
31 fsimplus(1.5707963267948966, 0.5235987755982988, 0, 0, 0) 12 19
31 fsimplus(1.5707963267948966, 0.5235987755982988, 0, 0, 0) 20 27
31 fsimplus(1.5707963267948966, 0.5235987755982988, 0, 0, 0) 29 36
31 fsimplus(1.5707963267948966, 0.5235987755982988, 0, 0, 0) 31 38
31 fsimplus(1.5707963267948966, 0.5235987755982988, 0, 0, 0) 32 39
31 fsimplus(1.5707963267948966, 0.5235987755982988, 0, 0, 0) 35 42
31 fsimplus(1.5707963267948966, 0.5235987755982988, 0, 0, 0) 43 50
31 fsimplus(1.5707963267948966, 0.5235987755982988, 0, 0, 0) 46 53
31 fsimplus(1.5707963267948966, 0.5235987755982988, 0, 0, 0) 51 58
31 fsimplus(1.5707963267948966, 0.5235987755982988, 0, 0, 0) 54 61
31 fsimplus(1.5707963267948966, 0.5235987755982988, 0, 0, 0) 57 64
31 fsimplus(1.5707963267948966, 0.5235987755982988, 0, 0, 0) 62 69
31 fsimplus(1.5707963267948966, 0.5235987755982988, 0, 0, 0) 63 70
31 fsimplus(1.5707963267948966, 0.5235987755982988, 0, 0, 0) 65 72
31 fsimplus(1.5707963267948966, 0.5235987755982988, 0, 0, 0) 71 78
32 y_1_2 11
32 hz_1_2 12
32 x_1_2 17
32 y_1_2 18
32 hz_1_2 19
32 hz_1_2 20
32 y_1_2 25
32 hz_1_2 26
32 y_1_2 27
32 y_1_2 28
32 y_1_2 29
32 hz_1_2 31
32 y_1_2 32
32 y_1_2 33
32 hz_1_2 34
32 x_1_2 35
32 x_1_2 36
32 y_1_2 37
32 hz_1_2 38
32 hz_1_2 39
32 y_1_2 40
32 y_1_2 41
32 x_1_2 42
32 x_1_2 43
32 hz_1_2 44
32 y_1_2 45
32 hz_1_2 46
32 hz_1_2 47
32 x_1_2 48
32 hz_1_2 50
32 y_1_2 51
32 x_1_2 53
32 x_1_2 54
32 hz_1_2 55
32 y_1_2 56
32 x_1_2 57
32 y_1_2 58
32 hz_1_2 59
32 y_1_2 61
32 x_1_2 62
32 y_1_2 63
32 y_1_2 64
32 x_1_2 65
32 x_1_2 66
32 hz_1_2 67
32 hz_1_2 69
32 hz_1_2 70
32 y_1_2 71
32 y_1_2 72
32 hz_1_2 74
32 y_1_2 77
32 hz_1_2 78
32 x_1_2 79
33 fsimplus(1.5707963267948966, 0.5235987755982988, 0, 0, 0) 11 18
33 fsimplus(1.5707963267948966, 0.5235987755982988, 0, 0, 0) 19 26
33 fsimplus(1.5707963267948966, 0.5235987755982988, 0, 0, 0) 25 32
33 fsimplus(1.5707963267948966, 0.5235987755982988, 0, 0, 0) 27 34
33 fsimplus(1.5707963267948966, 0.5235987755982988, 0, 0, 0) 28 35
33 fsimplus(1.5707963267948966, 0.5235987755982988, 0, 0, 0) 33 40
33 fsimplus(1.5707963267948966, 0.5235987755982988, 0, 0, 0) 38 45
33 fsimplus(1.5707963267948966, 0.5235987755982988, 0, 0, 0) 39 46
33 fsimplus(1.5707963267948966, 0.5235987755982988, 0, 0, 0) 41 48
33 fsimplus(1.5707963267948966, 0.5235987755982988, 0, 0, 0) 44 51
33 fsimplus(1.5707963267948966, 0.5235987755982988, 0, 0, 0) 47 54
33 fsimplus(1.5707963267948966, 0.5235987755982988, 0, 0, 0) 50 57
33 fsimplus(1.5707963267948966, 0.5235987755982988, 0, 0, 0) 55 62
33 fsimplus(1.5707963267948966, 0.5235987755982988, 0, 0, 0) 56 63
33 fsimplus(1.5707963267948966, 0.5235987755982988, 0, 0, 0) 58 65
33 fsimplus(1.5707963267948966, 0.5235987755982988, 0, 0, 0) 59 66
33 fsimplus(1.5707963267948966, 0.5235987755982988, 0, 0, 0) 67 74
33 fsimplus(1.5707963267948966, 0.5235987755982988, 0, 0, 0) 70 77
34 hz_1_2 11
34 y_1_2 12
34 hz_1_2 17
34 x_1_2 18
34 x_1_2 19
34 x_1_2 20
34 hz_1_2 25
34 y_1_2 26
34 x_1_2 27
34 hz_1_2 28
34 x_1_2 29
34 y_1_2 31
34 hz_1_2 32
34 hz_1_2 33
34 x_1_2 34
34 hz_1_2 35
34 y_1_2 36
34 hz_1_2 37
34 x_1_2 38
34 x_1_2 39
34 x_1_2 40
34 hz_1_2 41
34 hz_1_2 42
34 hz_1_2 43
34 y_1_2 44
34 x_1_2 45
34 y_1_2 46
34 x_1_2 47
34 y_1_2 48
34 y_1_2 50
34 hz_1_2 51
34 hz_1_2 53
34 y_1_2 54
34 x_1_2 55
34 hz_1_2 56
34 y_1_2 57
34 hz_1_2 58
34 y_1_2 59
34 x_1_2 61
34 hz_1_2 62
34 x_1_2 63
34 x_1_2 64
34 hz_1_2 65
34 hz_1_2 66
34 x_1_2 67
34 y_1_2 69
34 y_1_2 70
34 hz_1_2 71
34 x_1_2 72
34 y_1_2 74
34 x_1_2 77
34 x_1_2 78
34 hz_1_2 79
35 fsimplus(1.5707963267948966, 0.5235987755982988, 0, 0, 0) 12 19
35 fsimplus(1.5707963267948966, 0.5235987755982988, 0, 0, 0) 20 27
35 fsimplus(1.5707963267948966, 0.5235987755982988, 0, 0, 0) 29 36
35 fsimplus(1.5707963267948966, 0.5235987755982988, 0, 0, 0) 31 38
35 fsimplus(1.5707963267948966, 0.5235987755982988, 0, 0, 0) 32 39
35 fsimplus(1.5707963267948966, 0.5235987755982988, 0, 0, 0) 35 42
35 fsimplus(1.5707963267948966, 0.5235987755982988, 0, 0, 0) 43 50
35 fsimplus(1.5707963267948966, 0.5235987755982988, 0, 0, 0) 46 53
35 fsimplus(1.5707963267948966, 0.5235987755982988, 0, 0, 0) 51 58
35 fsimplus(1.5707963267948966, 0.5235987755982988, 0, 0, 0) 54 61
35 fsimplus(1.5707963267948966, 0.5235987755982988, 0, 0, 0) 57 64
35 fsimplus(1.5707963267948966, 0.5235987755982988, 0, 0, 0) 62 69
35 fsimplus(1.5707963267948966, 0.5235987755982988, 0, 0, 0) 63 70
35 fsimplus(1.5707963267948966, 0.5235987755982988, 0, 0, 0) 65 72
35 fsimplus(1.5707963267948966, 0.5235987755982988, 0, 0, 0) 71 78
36 y_1_2 11
36 x_1_2 12
36 x_1_2 17
36 y_1_2 18
36 hz_1_2 19
36 hz_1_2 20
36 y_1_2 25
36 x_1_2 26
36 y_1_2 27
36 x_1_2 28
36 y_1_2 29
36 x_1_2 31
36 x_1_2 32
36 y_1_2 33
36 hz_1_2 34
36 y_1_2 35
36 hz_1_2 36
36 x_1_2 37
36 y_1_2 38
36 hz_1_2 39
36 hz_1_2 40
36 x_1_2 41
36 y_1_2 42
36 x_1_2 43
36 hz_1_2 44
36 y_1_2 45
36 hz_1_2 46
36 hz_1_2 47
36 hz_1_2 48
36 hz_1_2 50
36 y_1_2 51
36 y_1_2 53
36 hz_1_2 54
36 hz_1_2 55
36 x_1_2 56
36 hz_1_2 57
36 y_1_2 58
36 hz_1_2 59
36 y_1_2 61
36 x_1_2 62
36 y_1_2 63
36 hz_1_2 64
36 y_1_2 65
36 x_1_2 66
36 hz_1_2 67
36 x_1_2 69
36 x_1_2 70
36 y_1_2 71
36 y_1_2 72
36 hz_1_2 74
36 hz_1_2 77
36 y_1_2 78
36 y_1_2 79
37 fsimplus(1.5707963267948966, 0.5235987755982988, 0, 0, 0) 17 25
37 fsimplus(1.5707963267948966, 0.5235987755982988, 0, 0, 0) 18 26
37 fsimplus(1.5707963267948966, 0.5235987755982988, 0, 0, 0) 19 27
37 fsimplus(1.5707963267948966, 0.5235987755982988, 0, 0, 0) 20 28
37 fsimplus(1.5707963267948966, 0.5235987755982988, 0, 0, 0) 32 40
37 fsimplus(1.5707963267948966, 0.5235987755982988, 0, 0, 0) 33 41
37 fsimplus(1.5707963267948966, 0.5235987755982988, 0, 0, 0) 34 42
37 fsimplus(1.5707963267948966, 0.5235987755982988, 0, 0, 0) 45 53
37 fsimplus(1.5707963267948966, 0.5235987755982988, 0, 0, 0) 50 58
37 fsimplus(1.5707963267948966, 0.5235987755982988, 0, 0, 0) 51 59
37 fsimplus(1.5707963267948966, 0.5235987755982988, 0, 0, 0) 55 63
37 fsimplus(1.5707963267948966, 0.5235987755982988, 0, 0, 0) 61 69
37 fsimplus(1.5707963267948966, 0.5235987755982988, 0, 0, 0) 62 70
37 fsimplus(1.5707963267948966, 0.5235987755982988, 0, 0, 0) 64 72
37 fsimplus(1.5707963267948966, 0.5235987755982988, 0, 0, 0) 66 74
37 fsimplus(1.5707963267948966, 0.5235987755982988, 0, 0, 0) 71 79
38 hz_1_2 11
38 hz_1_2 12
38 hz_1_2 17
38 x_1_2 18
38 x_1_2 19
38 y_1_2 20
38 hz_1_2 25
38 y_1_2 26
38 x_1_2 27
38 hz_1_2 28
38 hz_1_2 29
38 hz_1_2 31
38 y_1_2 32
38 hz_1_2 33
38 y_1_2 34
38 x_1_2 35
38 y_1_2 36
38 y_1_2 37
38 x_1_2 38
38 x_1_2 39
38 x_1_2 40
38 y_1_2 41
38 hz_1_2 42
38 y_1_2 43
38 x_1_2 44
38 x_1_2 45
38 x_1_2 46
38 x_1_2 47
38 x_1_2 48
38 x_1_2 50
38 x_1_2 51
38 hz_1_2 53
38 y_1_2 54
38 x_1_2 55
38 y_1_2 56
38 x_1_2 57
38 x_1_2 58
38 y_1_2 59
38 hz_1_2 61
38 y_1_2 62
38 hz_1_2 63
38 y_1_2 64
38 hz_1_2 65
38 y_1_2 66
38 y_1_2 67
38 y_1_2 69
38 hz_1_2 70
38 hz_1_2 71
38 hz_1_2 72
38 y_1_2 74
38 y_1_2 77
38 hz_1_2 78
38 x_1_2 79
39 fsimplus(1.5707963267948966, 0.5235987755982988, 0, 0, 0) 11 19
39 fsimplus(1.5707963267948966, 0.5235987755982988, 0, 0, 0) 12 20
39 fsimplus(1.5707963267948966, 0.5235987755982988, 0, 0, 0) 25 33
39 fsimplus(1.5707963267948966, 0.5235987755982988, 0, 0, 0) 26 34
39 fsimplus(1.5707963267948966, 0.5235987755982988, 0, 0, 0) 27 35
39 fsimplus(1.5707963267948966, 0.5235987755982988, 0, 0, 0) 28 36
39 fsimplus(1.5707963267948966, 0.5235987755982988, 0, 0, 0) 29 37
39 fsimplus(1.5707963267948966, 0.5235987755982988, 0, 0, 0) 38 46
39 fsimplus(1.5707963267948966, 0.5235987755982988, 0, 0, 0) 40 48
39 fsimplus(1.5707963267948966, 0.5235987755982988, 0, 0, 0) 43 51
39 fsimplus(1.5707963267948966, 0.5235987755982988, 0, 0, 0) 47 55
39 fsimplus(1.5707963267948966, 0.5235987755982988, 0, 0, 0) 54 62
39 fsimplus(1.5707963267948966, 0.5235987755982988, 0, 0, 0) 57 65
39 fsimplus(1.5707963267948966, 0.5235987755982988, 0, 0, 0) 58 66
39 fsimplus(1.5707963267948966, 0.5235987755982988, 0, 0, 0) 59 67
39 fsimplus(1.5707963267948966, 0.5235987755982988, 0, 0, 0) 63 71
39 fsimplus(1.5707963267948966, 0.5235987755982988, 0, 0, 0) 69 77
39 fsimplus(1.5707963267948966, 0.5235987755982988, 0, 0, 0) 70 78
40 x_1_2 11
40 y_1_2 12
40 x_1_2 17
40 y_1_2 18
40 y_1_2 19
40 hz_1_2 20
40 y_1_2 25
40 x_1_2 26
40 y_1_2 27
40 y_1_2 28
40 y_1_2 29
40 x_1_2 31
40 x_1_2 32
40 x_1_2 33
40 x_1_2 34
40 hz_1_2 35
40 x_1_2 36
40 hz_1_2 37
40 hz_1_2 38
40 hz_1_2 39
40 y_1_2 40
40 hz_1_2 41
40 x_1_2 42
40 x_1_2 43
40 y_1_2 44
40 y_1_2 45
40 y_1_2 46
40 hz_1_2 47
40 y_1_2 48
40 y_1_2 50
40 hz_1_2 51
40 x_1_2 53
40 x_1_2 54
40 hz_1_2 55
40 x_1_2 56
40 y_1_2 57
40 y_1_2 58
40 x_1_2 59
40 x_1_2 61
40 hz_1_2 62
40 y_1_2 63
40 x_1_2 64
40 y_1_2 65
40 x_1_2 66
40 x_1_2 67
40 x_1_2 69
40 y_1_2 70
40 y_1_2 71
40 x_1_2 72
40 hz_1_2 74
40 x_1_2 77
40 x_1_2 78
40 y_1_2 79
41 fsimplus(1.5707963267948966, 0.5235987755982988, 0, 0, 0) 17 25
41 fsimplus(1.5707963267948966, 0.5235987755982988, 0, 0, 0) 18 26
41 fsimplus(1.5707963267948966, 0.5235987755982988, 0, 0, 0) 19 27
41 fsimplus(1.5707963267948966, 0.5235987755982988, 0, 0, 0) 20 28
41 fsimplus(1.5707963267948966, 0.5235987755982988, 0, 0, 0) 32 40
41 fsimplus(1.5707963267948966, 0.5235987755982988, 0, 0, 0) 33 41
41 fsimplus(1.5707963267948966, 0.5235987755982988, 0, 0, 0) 34 42
41 fsimplus(1.5707963267948966, 0.5235987755982988, 0, 0, 0) 45 53
41 fsimplus(1.5707963267948966, 0.5235987755982988, 0, 0, 0) 50 58
41 fsimplus(1.5707963267948966, 0.5235987755982988, 0, 0, 0) 51 59
41 fsimplus(1.5707963267948966, 0.5235987755982988, 0, 0, 0) 55 63
41 fsimplus(1.5707963267948966, 0.5235987755982988, 0, 0, 0) 61 69
41 fsimplus(1.5707963267948966, 0.5235987755982988, 0, 0, 0) 62 70
41 fsimplus(1.5707963267948966, 0.5235987755982988, 0, 0, 0) 64 72
41 fsimplus(1.5707963267948966, 0.5235987755982988, 0, 0, 0) 66 74
41 fsimplus(1.5707963267948966, 0.5235987755982988, 0, 0, 0) 71 79
42 hz_1_2 11
42 hz_1_2 12
42 hz_1_2 17
42 x_1_2 18
42 x_1_2 19
42 x_1_2 20
42 hz_1_2 25
42 hz_1_2 26
42 x_1_2 27
42 x_1_2 28
42 hz_1_2 29
42 y_1_2 31
42 hz_1_2 32
42 y_1_2 33
42 y_1_2 34
42 x_1_2 35
42 hz_1_2 36
42 x_1_2 37
42 x_1_2 38
42 x_1_2 39
42 hz_1_2 40
42 x_1_2 41
42 y_1_2 42
42 hz_1_2 43
42 hz_1_2 44
42 hz_1_2 45
42 hz_1_2 46
42 y_1_2 47
42 hz_1_2 48
42 hz_1_2 50
42 x_1_2 51
42 hz_1_2 53
42 y_1_2 54
42 x_1_2 55
42 y_1_2 56
42 x_1_2 57
42 hz_1_2 58
42 y_1_2 59
42 y_1_2 61
42 y_1_2 62
42 hz_1_2 63
42 hz_1_2 64
42 hz_1_2 65
42 hz_1_2 66
42 y_1_2 67
42 y_1_2 69
42 hz_1_2 70
42 x_1_2 71
42 hz_1_2 72
42 x_1_2 74
42 y_1_2 77
42 y_1_2 78
42 hz_1_2 79
43 fsimplus(1.5707963267948966, 0.5235987755982988, 0, 0, 0) 11 19
43 fsimplus(1.5707963267948966, 0.5235987755982988, 0, 0, 0) 12 20
43 fsimplus(1.5707963267948966, 0.5235987755982988, 0, 0, 0) 25 33
43 fsimplus(1.5707963267948966, 0.5235987755982988, 0, 0, 0) 26 34
43 fsimplus(1.5707963267948966, 0.5235987755982988, 0, 0, 0) 27 35
43 fsimplus(1.5707963267948966, 0.5235987755982988, 0, 0, 0) 28 36
43 fsimplus(1.5707963267948966, 0.5235987755982988, 0, 0, 0) 29 37
43 fsimplus(1.5707963267948966, 0.5235987755982988, 0, 0, 0) 38 46
43 fsimplus(1.5707963267948966, 0.5235987755982988, 0, 0, 0) 40 48
43 fsimplus(1.5707963267948966, 0.5235987755982988, 0, 0, 0) 43 51
43 fsimplus(1.5707963267948966, 0.5235987755982988, 0, 0, 0) 47 55
43 fsimplus(1.5707963267948966, 0.5235987755982988, 0, 0, 0) 54 62
43 fsimplus(1.5707963267948966, 0.5235987755982988, 0, 0, 0) 57 65
43 fsimplus(1.5707963267948966, 0.5235987755982988, 0, 0, 0) 58 66
43 fsimplus(1.5707963267948966, 0.5235987755982988, 0, 0, 0) 59 67
43 fsimplus(1.5707963267948966, 0.5235987755982988, 0, 0, 0) 63 71
43 fsimplus(1.5707963267948966, 0.5235987755982988, 0, 0, 0) 69 77
43 fsimplus(1.5707963267948966, 0.5235987755982988, 0, 0, 0) 70 78
44 x_1_2 11
44 y_1_2 12
44 x_1_2 17
44 hz_1_2 18
44 hz_1_2 19
44 hz_1_2 20
44 x_1_2 25
44 x_1_2 26
44 y_1_2 27
44 y_1_2 28
44 x_1_2 29
44 hz_1_2 31
44 x_1_2 32
44 hz_1_2 33
44 hz_1_2 34
44 hz_1_2 35
44 y_1_2 36
44 y_1_2 37
44 hz_1_2 38
44 y_1_2 39
44 x_1_2 40
44 y_1_2 41
44 x_1_2 42
44 x_1_2 43
44 y_1_2 44
44 x_1_2 45
44 x_1_2 46
44 hz_1_2 47
44 x_1_2 48
44 y_1_2 50
44 y_1_2 51
44 x_1_2 53
44 hz_1_2 54
44 hz_1_2 55
44 x_1_2 56
44 y_1_2 57
44 x_1_2 58
44 x_1_2 59
44 x_1_2 61
44 x_1_2 62
44 y_1_2 63
44 x_1_2 64
44 x_1_2 65
44 y_1_2 66
44 hz_1_2 67
44 x_1_2 69
44 y_1_2 70
44 hz_1_2 71
44 y_1_2 72
44 hz_1_2 74
44 hz_1_2 77
44 x_1_2 78
44 y_1_2 79
45 fsimplus(1.5707963267948966, 0.5235987755982988, 0, 0, 0) 11 18
45 fsimplus(1.5707963267948966, 0.5235987755982988, 0, 0, 0) 19 26
45 fsimplus(1.5707963267948966, 0.5235987755982988, 0, 0, 0) 25 32
45 fsimplus(1.5707963267948966, 0.5235987755982988, 0, 0, 0) 27 34
45 fsimplus(1.5707963267948966, 0.5235987755982988, 0, 0, 0) 28 35
45 fsimplus(1.5707963267948966, 0.5235987755982988, 0, 0, 0) 33 40
45 fsimplus(1.5707963267948966, 0.5235987755982988, 0, 0, 0) 38 45
45 fsimplus(1.5707963267948966, 0.5235987755982988, 0, 0, 0) 39 46
45 fsimplus(1.5707963267948966, 0.5235987755982988, 0, 0, 0) 41 48
45 fsimplus(1.5707963267948966, 0.5235987755982988, 0, 0, 0) 44 51
45 fsimplus(1.5707963267948966, 0.5235987755982988, 0, 0, 0) 47 54
45 fsimplus(1.5707963267948966, 0.5235987755982988, 0, 0, 0) 50 57
45 fsimplus(1.5707963267948966, 0.5235987755982988, 0, 0, 0) 55 62
45 fsimplus(1.5707963267948966, 0.5235987755982988, 0, 0, 0) 56 63
45 fsimplus(1.5707963267948966, 0.5235987755982988, 0, 0, 0) 58 65
45 fsimplus(1.5707963267948966, 0.5235987755982988, 0, 0, 0) 59 66
45 fsimplus(1.5707963267948966, 0.5235987755982988, 0, 0, 0) 67 74
45 fsimplus(1.5707963267948966, 0.5235987755982988, 0, 0, 0) 70 77
46 hz_1_2 11
46 hz_1_2 12
46 hz_1_2 17
46 y_1_2 18
46 y_1_2 19
46 y_1_2 20
46 y_1_2 25
46 hz_1_2 26
46 hz_1_2 27
46 hz_1_2 28
46 hz_1_2 29
46 y_1_2 31
46 y_1_2 32
46 y_1_2 33
46 y_1_2 34
46 x_1_2 35
46 x_1_2 36
46 x_1_2 37
46 y_1_2 38
46 x_1_2 39
46 y_1_2 40
46 hz_1_2 41
46 y_1_2 42
46 y_1_2 43
46 hz_1_2 44
46 y_1_2 45
46 hz_1_2 46
46 y_1_2 47
46 y_1_2 48
46 x_1_2 50
46 x_1_2 51
46 y_1_2 53
46 x_1_2 54
46 x_1_2 55
46 y_1_2 56
46 x_1_2 57
46 y_1_2 58
46 y_1_2 59
46 hz_1_2 61
46 y_1_2 62
46 hz_1_2 63
46 hz_1_2 64
46 y_1_2 65
46 hz_1_2 66
46 y_1_2 67
46 hz_1_2 69
46 x_1_2 70
46 x_1_2 71
46 hz_1_2 72
46 y_1_2 74
46 y_1_2 77
46 y_1_2 78
46 hz_1_2 79
47 fsimplus(1.5707963267948966, 0.5235987755982988, 0, 0, 0) 12 19
47 fsimplus(1.5707963267948966, 0.5235987755982988, 0, 0, 0) 20 27
47 fsimplus(1.5707963267948966, 0.5235987755982988, 0, 0, 0) 29 36
47 fsimplus(1.5707963267948966, 0.5235987755982988, 0, 0, 0) 31 38
47 fsimplus(1.5707963267948966, 0.5235987755982988, 0, 0, 0) 32 39
47 fsimplus(1.5707963267948966, 0.5235987755982988, 0, 0, 0) 35 42
47 fsimplus(1.5707963267948966, 0.5235987755982988, 0, 0, 0) 43 50
47 fsimplus(1.5707963267948966, 0.5235987755982988, 0, 0, 0) 46 53
47 fsimplus(1.5707963267948966, 0.5235987755982988, 0, 0, 0) 51 58
47 fsimplus(1.5707963267948966, 0.5235987755982988, 0, 0, 0) 54 61
47 fsimplus(1.5707963267948966, 0.5235987755982988, 0, 0, 0) 57 64
47 fsimplus(1.5707963267948966, 0.5235987755982988, 0, 0, 0) 62 69
47 fsimplus(1.5707963267948966, 0.5235987755982988, 0, 0, 0) 63 70
47 fsimplus(1.5707963267948966, 0.5235987755982988, 0, 0, 0) 65 72
47 fsimplus(1.5707963267948966, 0.5235987755982988, 0, 0, 0) 71 78
48 x_1_2 11
48 y_1_2 12
48 x_1_2 17
48 x_1_2 18
48 hz_1_2 19
48 hz_1_2 20
48 hz_1_2 25
48 y_1_2 26
48 y_1_2 27
48 y_1_2 28
48 x_1_2 29
48 x_1_2 31
48 x_1_2 32
48 hz_1_2 33
48 x_1_2 34
48 y_1_2 35
48 hz_1_2 36
48 hz_1_2 37
48 x_1_2 38
48 y_1_2 39
48 x_1_2 40
48 y_1_2 41
48 hz_1_2 42
48 x_1_2 43
48 x_1_2 44
48 hz_1_2 45
48 y_1_2 46
48 x_1_2 47
48 hz_1_2 48
48 y_1_2 50
48 y_1_2 51
48 x_1_2 53
48 y_1_2 54
48 hz_1_2 55
48 hz_1_2 56
48 hz_1_2 57
48 hz_1_2 58
48 x_1_2 59
48 y_1_2 61
48 x_1_2 62
48 y_1_2 63
48 x_1_2 64
48 x_1_2 65
48 x_1_2 66
48 hz_1_2 67
48 y_1_2 69
48 y_1_2 70
48 hz_1_2 71
48 y_1_2 72
48 hz_1_2 74
48 x_1_2 77
48 x_1_2 78
48 x_1_2 79
49 fsimplus(1.5707963267948966, 0.5235987755982988, 0, 0, 0) 11 18
49 fsimplus(1.5707963267948966, 0.5235987755982988, 0, 0, 0) 19 26
49 fsimplus(1.5707963267948966, 0.5235987755982988, 0, 0, 0) 25 32
49 fsimplus(1.5707963267948966, 0.5235987755982988, 0, 0, 0) 27 34
49 fsimplus(1.5707963267948966, 0.5235987755982988, 0, 0, 0) 28 35
49 fsimplus(1.5707963267948966, 0.5235987755982988, 0, 0, 0) 33 40
49 fsimplus(1.5707963267948966, 0.5235987755982988, 0, 0, 0) 38 45
49 fsimplus(1.5707963267948966, 0.5235987755982988, 0, 0, 0) 39 46
49 fsimplus(1.5707963267948966, 0.5235987755982988, 0, 0, 0) 41 48
49 fsimplus(1.5707963267948966, 0.5235987755982988, 0, 0, 0) 44 51
49 fsimplus(1.5707963267948966, 0.5235987755982988, 0, 0, 0) 47 54
49 fsimplus(1.5707963267948966, 0.5235987755982988, 0, 0, 0) 50 57
49 fsimplus(1.5707963267948966, 0.5235987755982988, 0, 0, 0) 55 62
49 fsimplus(1.5707963267948966, 0.5235987755982988, 0, 0, 0) 56 63
49 fsimplus(1.5707963267948966, 0.5235987755982988, 0, 0, 0) 58 65
49 fsimplus(1.5707963267948966, 0.5235987755982988, 0, 0, 0) 59 66
49 fsimplus(1.5707963267948966, 0.5235987755982988, 0, 0, 0) 67 74
49 fsimplus(1.5707963267948966, 0.5235987755982988, 0, 0, 0) 70 77
50 hz_1_2 11
50 x_1_2 12
50 hz_1_2 17
50 y_1_2 18
50 x_1_2 19
50 y_1_2 20
50 y_1_2 25
50 hz_1_2 26
50 hz_1_2 27
50 hz_1_2 28
50 hz_1_2 29
50 hz_1_2 31
50 hz_1_2 32
50 y_1_2 33
50 y_1_2 34
50 x_1_2 35
50 x_1_2 36
50 x_1_2 37
50 y_1_2 38
50 x_1_2 39
50 y_1_2 40
50 hz_1_2 41
50 y_1_2 42
50 hz_1_2 43
50 y_1_2 44
50 x_1_2 45
50 hz_1_2 46
50 y_1_2 47
50 y_1_2 48
50 hz_1_2 50
50 x_1_2 51
50 hz_1_2 53
50 x_1_2 54
50 y_1_2 55
50 y_1_2 56
50 x_1_2 57
50 y_1_2 58
50 y_1_2 59
50 x_1_2 61
50 y_1_2 62
50 x_1_2 63
50 hz_1_2 64
50 y_1_2 65
50 hz_1_2 66
50 y_1_2 67
50 x_1_2 69
50 hz_1_2 70
50 y_1_2 71
50 x_1_2 72
50 y_1_2 74
50 y_1_2 77
50 hz_1_2 78
50 hz_1_2 79
51 fsimplus(1.5707963267948966, 0.5235987755982988, 0, 0, 0) 12 19
51 fsimplus(1.5707963267948966, 0.5235987755982988, 0, 0, 0) 20 27
51 fsimplus(1.5707963267948966, 0.5235987755982988, 0, 0, 0) 29 36
51 fsimplus(1.5707963267948966, 0.5235987755982988, 0, 0, 0) 31 38
51 fsimplus(1.5707963267948966, 0.5235987755982988, 0, 0, 0) 32 39
51 fsimplus(1.5707963267948966, 0.5235987755982988, 0, 0, 0) 35 42
51 fsimplus(1.5707963267948966, 0.5235987755982988, 0, 0, 0) 43 50
51 fsimplus(1.5707963267948966, 0.5235987755982988, 0, 0, 0) 46 53
51 fsimplus(1.5707963267948966, 0.5235987755982988, 0, 0, 0) 51 58
51 fsimplus(1.5707963267948966, 0.5235987755982988, 0, 0, 0) 54 61
51 fsimplus(1.5707963267948966, 0.5235987755982988, 0, 0, 0) 57 64
51 fsimplus(1.5707963267948966, 0.5235987755982988, 0, 0, 0) 62 69
51 fsimplus(1.5707963267948966, 0.5235987755982988, 0, 0, 0) 63 70
51 fsimplus(1.5707963267948966, 0.5235987755982988, 0, 0, 0) 65 72
51 fsimplus(1.5707963267948966, 0.5235987755982988, 0, 0, 0) 71 78
52 x_1_2 11
52 y_1_2 12
52 x_1_2 17
52 x_1_2 18
52 hz_1_2 19
52 x_1_2 20
52 hz_1_2 25
52 y_1_2 26
52 x_1_2 27
52 y_1_2 28
52 y_1_2 29
52 y_1_2 31
52 x_1_2 32
52 hz_1_2 33
52 hz_1_2 34
52 y_1_2 35
52 y_1_2 36
52 y_1_2 37
52 x_1_2 38
52 y_1_2 39
52 hz_1_2 40
52 x_1_2 41
52 x_1_2 42
52 x_1_2 43
52 x_1_2 44
52 hz_1_2 45
52 x_1_2 46
52 x_1_2 47
52 x_1_2 48
52 x_1_2 50
52 hz_1_2 51
52 y_1_2 53
52 hz_1_2 54
52 hz_1_2 55
52 x_1_2 56
52 y_1_2 57
52 x_1_2 58
52 x_1_2 59
52 y_1_2 61
52 hz_1_2 62
52 hz_1_2 63
52 x_1_2 64
52 x_1_2 65
52 y_1_2 66
52 hz_1_2 67
52 y_1_2 69
52 y_1_2 70
52 hz_1_2 71
52 y_1_2 72
52 x_1_2 74
52 x_1_2 77
52 x_1_2 78
52 y_1_2 79
53 fsimplus(1.5707963267948966, 0.5235987755982988, 0, 0, 0) 17 25
53 fsimplus(1.5707963267948966, 0.5235987755982988, 0, 0, 0) 18 26
53 fsimplus(1.5707963267948966, 0.5235987755982988, 0, 0, 0) 19 27
53 fsimplus(1.5707963267948966, 0.5235987755982988, 0, 0, 0) 20 28
53 fsimplus(1.5707963267948966, 0.5235987755982988, 0, 0, 0) 32 40
53 fsimplus(1.5707963267948966, 0.5235987755982988, 0, 0, 0) 33 41
53 fsimplus(1.5707963267948966, 0.5235987755982988, 0, 0, 0) 34 42
53 fsimplus(1.5707963267948966, 0.5235987755982988, 0, 0, 0) 45 53
53 fsimplus(1.5707963267948966, 0.5235987755982988, 0, 0, 0) 50 58
53 fsimplus(1.5707963267948966, 0.5235987755982988, 0, 0, 0) 51 59
53 fsimplus(1.5707963267948966, 0.5235987755982988, 0, 0, 0) 55 63
53 fsimplus(1.5707963267948966, 0.5235987755982988, 0, 0, 0) 61 69
53 fsimplus(1.5707963267948966, 0.5235987755982988, 0, 0, 0) 62 70
53 fsimplus(1.5707963267948966, 0.5235987755982988, 0, 0, 0) 64 72
53 fsimplus(1.5707963267948966, 0.5235987755982988, 0, 0, 0) 66 74
53 fsimplus(1.5707963267948966, 0.5235987755982988, 0, 0, 0) 71 79
54 hz_1_2 11
54 x_1_2 12
54 hz_1_2 17
54 y_1_2 18
54 x_1_2 19
54 hz_1_2 20
54 x_1_2 25
54 hz_1_2 26
54 hz_1_2 27
54 x_1_2 28
54 hz_1_2 29
54 hz_1_2 31
54 y_1_2 32
54 y_1_2 33
54 x_1_2 34
54 hz_1_2 35
54 hz_1_2 36
54 x_1_2 37
54 y_1_2 38
54 hz_1_2 39
54 x_1_2 40
54 hz_1_2 41
54 y_1_2 42
54 hz_1_2 43
54 y_1_2 44
54 x_1_2 45
54 y_1_2 46
54 y_1_2 47
54 hz_1_2 48
54 y_1_2 50
54 x_1_2 51
54 hz_1_2 53
54 x_1_2 54
54 y_1_2 55
54 y_1_2 56
54 x_1_2 57
54 hz_1_2 58
54 y_1_2 59
54 hz_1_2 61
54 y_1_2 62
54 x_1_2 63
54 hz_1_2 64
54 y_1_2 65
54 hz_1_2 66
54 x_1_2 67
54 hz_1_2 69
54 x_1_2 70
54 y_1_2 71
54 x_1_2 72
54 hz_1_2 74
54 y_1_2 77
54 hz_1_2 78
54 hz_1_2 79
55 fsimplus(1.5707963267948966, 0.5235987755982988, 0, 0, 0) 11 19
55 fsimplus(1.5707963267948966, 0.5235987755982988, 0, 0, 0) 12 20
55 fsimplus(1.5707963267948966, 0.5235987755982988, 0, 0, 0) 25 33
55 fsimplus(1.5707963267948966, 0.5235987755982988, 0, 0, 0) 26 34
55 fsimplus(1.5707963267948966, 0.5235987755982988, 0, 0, 0) 27 35
55 fsimplus(1.5707963267948966, 0.5235987755982988, 0, 0, 0) 28 36
55 fsimplus(1.5707963267948966, 0.5235987755982988, 0, 0, 0) 29 37
55 fsimplus(1.5707963267948966, 0.5235987755982988, 0, 0, 0) 38 46
55 fsimplus(1.5707963267948966, 0.5235987755982988, 0, 0, 0) 40 48
55 fsimplus(1.5707963267948966, 0.5235987755982988, 0, 0, 0) 43 51
55 fsimplus(1.5707963267948966, 0.5235987755982988, 0, 0, 0) 47 55
55 fsimplus(1.5707963267948966, 0.5235987755982988, 0, 0, 0) 54 62
55 fsimplus(1.5707963267948966, 0.5235987755982988, 0, 0, 0) 57 65
55 fsimplus(1.5707963267948966, 0.5235987755982988, 0, 0, 0) 58 66
55 fsimplus(1.5707963267948966, 0.5235987755982988, 0, 0, 0) 59 67
55 fsimplus(1.5707963267948966, 0.5235987755982988, 0, 0, 0) 63 71
55 fsimplus(1.5707963267948966, 0.5235987755982988, 0, 0, 0) 69 77
55 fsimplus(1.5707963267948966, 0.5235987755982988, 0, 0, 0) 70 78
56 y_1_2 11
56 y_1_2 12
56 y_1_2 17
56 hz_1_2 18
56 y_1_2 19
56 x_1_2 20
56 hz_1_2 25
56 y_1_2 26
56 x_1_2 27
56 y_1_2 28
56 y_1_2 29
56 x_1_2 31
56 x_1_2 32
56 hz_1_2 33
56 y_1_2 34
56 x_1_2 35
56 x_1_2 36
56 y_1_2 37
56 hz_1_2 38
56 y_1_2 39
56 hz_1_2 40
56 y_1_2 41
56 x_1_2 42
56 y_1_2 43
56 x_1_2 44
56 y_1_2 45
56 hz_1_2 46
56 hz_1_2 47
56 y_1_2 48
56 x_1_2 50
56 hz_1_2 51
56 y_1_2 53
56 y_1_2 54
56 x_1_2 55
56 x_1_2 56
56 y_1_2 57
56 x_1_2 58
56 hz_1_2 59
56 x_1_2 61
56 x_1_2 62
56 y_1_2 63
56 x_1_2 64
56 x_1_2 65
56 x_1_2 66
56 hz_1_2 67
56 x_1_2 69
56 hz_1_2 70
56 x_1_2 71
56 hz_1_2 72
56 y_1_2 74
56 hz_1_2 77
56 y_1_2 78
56 y_1_2 79
57 fsimplus(1.5707963267948966, 0.5235987755982988, 0, 0, 0) 17 25
57 fsimplus(1.5707963267948966, 0.5235987755982988, 0, 0, 0) 18 26
57 fsimplus(1.5707963267948966, 0.5235987755982988, 0, 0, 0) 19 27
57 fsimplus(1.5707963267948966, 0.5235987755982988, 0, 0, 0) 20 28
57 fsimplus(1.5707963267948966, 0.5235987755982988, 0, 0, 0) 32 40
57 fsimplus(1.5707963267948966, 0.5235987755982988, 0, 0, 0) 33 41
57 fsimplus(1.5707963267948966, 0.5235987755982988, 0, 0, 0) 34 42
57 fsimplus(1.5707963267948966, 0.5235987755982988, 0, 0, 0) 45 53
57 fsimplus(1.5707963267948966, 0.5235987755982988, 0, 0, 0) 50 58
57 fsimplus(1.5707963267948966, 0.5235987755982988, 0, 0, 0) 51 59
57 fsimplus(1.5707963267948966, 0.5235987755982988, 0, 0, 0) 55 63
57 fsimplus(1.5707963267948966, 0.5235987755982988, 0, 0, 0) 61 69
57 fsimplus(1.5707963267948966, 0.5235987755982988, 0, 0, 0) 62 70
57 fsimplus(1.5707963267948966, 0.5235987755982988, 0, 0, 0) 64 72
57 fsimplus(1.5707963267948966, 0.5235987755982988, 0, 0, 0) 66 74
57 fsimplus(1.5707963267948966, 0.5235987755982988, 0, 0, 0) 71 79
58 hz_1_2 11
58 x_1_2 12
58 x_1_2 17
58 y_1_2 18
58 x_1_2 19
58 y_1_2 20
58 y_1_2 25
58 x_1_2 26
58 y_1_2 27
58 hz_1_2 28
58 hz_1_2 29
58 hz_1_2 31
58 y_1_2 32
58 x_1_2 33
58 x_1_2 34
58 hz_1_2 35
58 y_1_2 36
58 hz_1_2 37
58 y_1_2 38
58 hz_1_2 39
58 x_1_2 40
58 x_1_2 41
58 y_1_2 42
58 x_1_2 43
58 hz_1_2 44
58 x_1_2 45
58 x_1_2 46
58 y_1_2 47
58 x_1_2 48
58 y_1_2 50
58 y_1_2 51
58 x_1_2 53
58 hz_1_2 54
58 y_1_2 55
58 hz_1_2 56
58 x_1_2 57
58 hz_1_2 58
58 x_1_2 59
58 hz_1_2 61
58 y_1_2 62
58 x_1_2 63
58 y_1_2 64
58 hz_1_2 65
58 hz_1_2 66
58 x_1_2 67
58 hz_1_2 69
58 x_1_2 70
58 hz_1_2 71
58 y_1_2 72
58 hz_1_2 74
58 x_1_2 77
58 x_1_2 78
58 hz_1_2 79
59 fsimplus(1.5707963267948966, 0.5235987755982988, 0, 0, 0) 11 19
59 fsimplus(1.5707963267948966, 0.5235987755982988, 0, 0, 0) 12 20
59 fsimplus(1.5707963267948966, 0.5235987755982988, 0, 0, 0) 25 33
59 fsimplus(1.5707963267948966, 0.5235987755982988, 0, 0, 0) 26 34
59 fsimplus(1.5707963267948966, 0.5235987755982988, 0, 0, 0) 27 35
59 fsimplus(1.5707963267948966, 0.5235987755982988, 0, 0, 0) 28 36
59 fsimplus(1.5707963267948966, 0.5235987755982988, 0, 0, 0) 29 37
59 fsimplus(1.5707963267948966, 0.5235987755982988, 0, 0, 0) 38 46
59 fsimplus(1.5707963267948966, 0.5235987755982988, 0, 0, 0) 40 48
59 fsimplus(1.5707963267948966, 0.5235987755982988, 0, 0, 0) 43 51
59 fsimplus(1.5707963267948966, 0.5235987755982988, 0, 0, 0) 47 55
59 fsimplus(1.5707963267948966, 0.5235987755982988, 0, 0, 0) 54 62
59 fsimplus(1.5707963267948966, 0.5235987755982988, 0, 0, 0) 57 65
59 fsimplus(1.5707963267948966, 0.5235987755982988, 0, 0, 0) 58 66
59 fsimplus(1.5707963267948966, 0.5235987755982988, 0, 0, 0) 59 67
59 fsimplus(1.5707963267948966, 0.5235987755982988, 0, 0, 0) 63 71
59 fsimplus(1.5707963267948966, 0.5235987755982988, 0, 0, 0) 69 77
59 fsimplus(1.5707963267948966, 0.5235987755982988, 0, 0, 0) 70 78
60 y_1_2 11
60 hz_1_2 12
60 y_1_2 17
60 hz_1_2 18
60 hz_1_2 19
60 hz_1_2 20
60 x_1_2 25
60 y_1_2 26
60 x_1_2 27
60 y_1_2 28
60 x_1_2 29
60 x_1_2 31
60 x_1_2 32
60 hz_1_2 33
60 y_1_2 34
60 x_1_2 35
60 hz_1_2 36
60 y_1_2 37
60 x_1_2 38
60 y_1_2 39
60 y_1_2 40
60 y_1_2 41
60 hz_1_2 42
60 hz_1_2 43
60 x_1_2 44
60 y_1_2 45
60 y_1_2 46
60 x_1_2 47
60 y_1_2 48
60 hz_1_2 50
60 x_1_2 51
60 hz_1_2 53
60 y_1_2 54
60 hz_1_2 55
60 y_1_2 56
60 hz_1_2 57
60 y_1_2 58
60 y_1_2 59
60 x_1_2 61
60 x_1_2 62
60 hz_1_2 63
60 hz_1_2 64
60 x_1_2 65
60 y_1_2 66
60 y_1_2 67
60 y_1_2 69
60 y_1_2 70
60 y_1_2 71
60 x_1_2 72
60 x_1_2 74
60 hz_1_2 77
60 hz_1_2 78
60 x_1_2 79