53
0 y_1_2 11
0 x_1_2 12
0 hz_1_2 17
0 hz_1_2 18
0 hz_1_2 19
0 hz_1_2 20
0 x_1_2 25
0 hz_1_2 26
0 x_1_2 27
0 hz_1_2 28
0 hz_1_2 29
0 x_1_2 31
0 y_1_2 32
0 x_1_2 33
0 x_1_2 34
0 x_1_2 35
0 hz_1_2 36
0 y_1_2 37
0 x_1_2 38
0 y_1_2 39
0 x_1_2 40
0 x_1_2 41
0 x_1_2 42
0 x_1_2 43
0 y_1_2 44
0 x_1_2 45
0 x_1_2 46
0 hz_1_2 47
0 x_1_2 48
0 y_1_2 50
0 y_1_2 51
0 hz_1_2 53
0 x_1_2 54
0 hz_1_2 55
0 hz_1_2 56
0 x_1_2 57
0 hz_1_2 58
0 x_1_2 59
0 y_1_2 61
0 hz_1_2 62
0 hz_1_2 63
0 y_1_2 64
0 y_1_2 65
0 hz_1_2 66
0 x_1_2 67
0 y_1_2 69
0 hz_1_2 70
0 x_1_2 71
0 y_1_2 72
0 hz_1_2 74
0 hz_1_2 77
0 y_1_2 78
0 y_1_2 79
1 fsimplus(1.5278535013211971, 0.11151795021458467, -2.1766053374228735, 3.1000008642291443, -31.751611786303545) 18 11
1 fsimplus(1.5531121624663105, 0.18363930522426564, 3.950931487801105, 0.5332164631350784, 32.19019156718938) 26 19
1 fsimplus(1.5709190706580292, 0.21180134827719568, 3.7833537148693352, 3.0210251237331245, 38.55863927856643) 32 25
1 fsimplus(1.4900361111801879, 0.12160496297638149, -0.40140414504390204, 1.5654249617863667, -65.9458769415824) 34 27
1 fsimplus(1.5234356309381858, 0.14480132922443714, 0.05768243135277495, 0.8795929706875367, 31.395848455359104) 35 28
1 fsimplus(1.5690025055126056, 0.1588039003910756, -4.211778349778334, 18.761384069568113, 27.186159076173375) 40 33
1 fsimplus(1.5262708285043902, 0.12889533375476828, 1.8282911101668708, 2.520791191025141, 26.01566520810206) 43 36
1 fsimplus(1.5000888045052045, 6.325286385756063, -1.8942627376662067, -1.0894152716673522, -75.1182673507487) 45 38
1 fsimplus(1.5166626826087504, 0.18362331804371762, 3.395785819779469, -0.1612089838077514, -36.3958293147717) 46 39
1 fsimplus(1.5147232276288598, 0.1657559559348471, -3.214101774568703, 4.955720955012547, -66.20200613072542) 48 41
1 fsimplus(1.5688226398515772, 0.15083053299631016, 1.491168384732255, 7.846770779871771, 51.27229381242121) 51 44
1 fsimplus(1.4864508267273526, 0.20685485089898015, -2.6162454597665845, 1.326087480568765, 41.74576662968941) 54 47
1 fsimplus(1.6511734327098777, 0.09992227004346986, 3.1329375344091144, -2.6656014438429105, 24.078115203541145) 57 50
1 fsimplus(1.6259338898955298, 0.12998642143197317, 0.6636237030388062, 0.12834771935176134, 47.44618258145307) 62 55
1 fsimplus(1.6651882823546544, 0.12698025195001958, 2.4922434620207734, -1.2366110082363109, 51.04250896645642) 63 56
1 fsimplus(1.5870680448373233, 0.14778421732114602, 3.1893361315471735, 3.1860111443954886, -47.47791019057134) 65 58
1 fsimplus(1.467686695984151, 0.1505223774378516, 3.1595584201419182, 1.2775730675103032, 12.491153764437692) 66 59
1 fsimplus(1.521139566126501, 0.14021863701580534, 1.3605182824948496, 1.0203931077942023, 51.014808747199694) 71 64
1 fsimplus(1.6191367637833147, 0.14008453878534644, 1.4118644601667583, -2.6140337825100577, 47.68750022247845) 74 67
1 fsimplus(1.6160765679924072, 0.13374910573268503, -0.38374219188495057, -0.6116087791115327, 27.814020885320755) 77 70
1 fsimplus(0.0005668938547013975, -0.032619750836490796, 0.042307424350188826, -0.037133053969347345, -75.27490489949182) 79 72
2 hz_1_2 11
2 y_1_2 12
2 x_1_2 17
2 x_1_2 18
2 x_1_2 19
2 x_1_2 20
2 hz_1_2 25
2 y_1_2 26
2 hz_1_2 27
2 x_1_2 28
2 y_1_2 29
2 hz_1_2 31
2 hz_1_2 32
2 hz_1_2 33
2 hz_1_2 34
2 y_1_2 35
2 x_1_2 36
2 x_1_2 37
2 hz_1_2 38
2 hz_1_2 39
2 hz_1_2 40
2 hz_1_2 41
2 hz_1_2 42
2 hz_1_2 43
2 hz_1_2 44
2 y_1_2 45
2 hz_1_2 46
2 y_1_2 47
2 hz_1_2 48
2 x_1_2 50
2 hz_1_2 51
2 x_1_2 53
2 hz_1_2 54
2 y_1_2 55
2 y_1_2 56
2 hz_1_2 57
2 x_1_2 58
2 y_1_2 59
2 hz_1_2 61
2 y_1_2 62
2 x_1_2 63
2 hz_1_2 64
2 x_1_2 65
2 x_1_2 66
2 y_1_2 67
2 x_1_2 69
2 x_1_2 70
2 hz_1_2 71
2 hz_1_2 72
2 y_1_2 74
2 x_1_2 77
2 x_1_2 78
2 x_1_2 79
3 fsimplus(1.6120750859763333, 0.11916446441337923, 3.088461893859465, -1.0762002733416318, -142.85668229734705) 19 12
3 fsimplus(-0.006899958480421245, -0.0032898302509681903, 0.003819742315039824, -0.0049594250498427635, 86.14701228326678) 25 18
3 fsimplus(1.578106304580318, 0.10912766482814805, 3.7508317877176895, -0.08171714041974495, 114.49711280974317) 27 20
3 fsimplus(1.5033512337072046, -6.122746850958034, 0.6689770234916688, 2.5224721952211233, -46.26284187313715) 33 26
3 fsimplus(1.6765892936503888, -0.07722121070506241, -0.7501436870555455, 3.0135518656174534, -36.3178221606992) 36 29
3 fsimplus(1.5535845633211427, 0.2551479585816817, 1.1515297438109322, 0.8034637528773343, 90.7572696037105) 38 31
3 fsimplus(1.5495820138082381, 0.21478568341562196, -0.27178517290327964, -0.5520241307588011, 86.0415855242783) 39 32
3 fsimplus(1.5150620340962333, 0.16645577154633, 0.09839484057676263, -0.9179277248744068, 102.81948471404174) 41 34
3 fsimplus(1.632931585571834, 0.18137630148081518, 1.6071395197695935, 1.8651427926657058, -85.37622790974845) 42 35
3 fsimplus(1.524041951767269, 0.16720705392671842, 0.21313447069314592, -0.0563715042282891, -110.88080558260502) 44 37
3 fsimplus(1.5221377122687567, 0.1506304035757886, 3.8110860400651294, 0.07564013767287131, 25.879720290524784) 47 40
3 fsimplus(1.6167908584192552, 0.19084164186228406, 4.139572214373988, 8.426885556648855, -40.99698632240816) 50 43
3 fsimplus(1.6190774990785346, 0.13947574484584227, 0.7514234402797888, 3.9121753939243877, -56.28068611503709) 53 46
3 fsimplus(1.6004705901156622, 0.15242184192564912, -1.0435707770953013, 2.1967979847300367, 78.65357221149375) 55 48
3 fsimplus(1.6166569801166977, 0.16268449704531937, 2.240653109895771, 1.0149786732553598, 124.27199253799641) 58 51
3 fsimplus(1.6738150257436675, 0.20067694025386443, 1.2407345187311052, -2.724901667929832, -127.15230734790592) 61 54
3 fsimplus(1.5606064120184027, 0.14861718501286278, 3.337748102915106, -1.4250405936271378, -81.70159171429425) 64 57
3 fsimplus(1.6766832255794075, 0.12902856466695187, -0.38248755299690107, 1.9970357466835233, -81.6746918558477) 69 62
3 fsimplus(1.624758241788708, 0.14865154721404286, 1.3322522609107659, 0.7514592158135812, -96.37868509717593) 70 63
3 fsimplus(1.5159852704906789, 0.1888610064554085, 0.25377089369305417, 2.427070205309697, 95.64059779184561) 72 65
3 fsimplus(1.6411567672670497, 6.338629293639052, 1.3096415558068273, -5.865792953098693, -140.6404050572987) 78 71
4 y_1_2 11
4 hz_1_2 12
4 y_1_2 17
4 y_1_2 18
4 y_1_2 19
4 hz_1_2 20
4 y_1_2 25
4 hz_1_2 26
4 y_1_2 27
4 hz_1_2 28
4 hz_1_2 29
4 y_1_2 31
4 x_1_2 32
4 y_1_2 33
4 x_1_2 34
4 hz_1_2 35
4 hz_1_2 36
4 hz_1_2 37
4 y_1_2 38
4 y_1_2 39
4 x_1_2 40
4 x_1_2 41
4 x_1_2 42
4 x_1_2 43
4 y_1_2 44
4 x_1_2 45
4 x_1_2 46
4 hz_1_2 47
4 x_1_2 48
4 y_1_2 50
4 y_1_2 51
4 hz_1_2 53
4 y_1_2 54
4 hz_1_2 55
4 hz_1_2 56
4 y_1_2 57
4 y_1_2 58
4 x_1_2 59
4 y_1_2 61
4 x_1_2 62
4 hz_1_2 63
4 y_1_2 64
4 hz_1_2 65
4 hz_1_2 66
4 x_1_2 67
4 y_1_2 69
4 y_1_2 70
4 y_1_2 71
4 x_1_2 72
4 hz_1_2 74
4 hz_1_2 77
4 y_1_2 78
4 y_1_2 79
5 fsimplus(1.6017240526487753, 0.14667806471393785, -0.4398762548413339, 1.9261015321310389, 55.06611953338541) 25 17
5 fsimplus(1.5531585755590132, 0.18897982377505623, -3.217189150123622, 0.2145859825825397, 153.58231282620198) 26 18
5 fsimplus(1.6145778291705837, 0.17390037364565972, -1.3741215850310304, 5.286416638011127, 179.66664286895198) 27 19
5 fsimplus(1.5408637047522231, 0.19197496630633007, 1.386719970492691, 0.7385546954251792, 110.4824348765887) 28 20
5 fsimplus(1.5063963703659986, 6.393412828458584, 1.291409863932367, -2.4770192136811726, -69.77570449871891) 40 32
5 fsimplus(1.5246930910022933, 0.17829805988072592, -1.0986557769161083, 3.67057701188262, 111.36300179070031) 41 33
5 fsimplus(1.6306085977892364, 0.15538864365526672, -3.1565244083491732, -0.2783240475185382, 112.46388387059169) 42 34
5 fsimplus(1.5357160503300151, 0.1564642807253738, 0.22466768792201408, 0.159415343363965, -163.6116594709163) 43 35
5 fsimplus(0.0025940794571831013, -0.00349135389888416, -1.351101055605882, 1.317944592909587, -169.99996999054835) 44 36
5 fsimplus(1.4735823746830525, 0.20095958071498587, -1.3528339257917863, 1.263142999767304, 72.42389486566253) 53 45
5 fsimplus(1.6316137700298223, 0.18150797933820273, -1.090202613096634, 0.9656540432283978, 69.45648849714584) 54 46
5 fsimplus(1.5913366853117483, 0.1558711171924429, 0.2568799957339146, 1.210461446226561, 146.92349399213523) 56 48
5 fsimplus(1.4917444833643243, 0.18061200284926565, -0.7788250954000837, 1.0836502494721123, 156.8317410833931) 58 50
5 fsimplus(1.5974082069402498, 0.14683404844966463, 0.32819197987657256, -0.1302637501530639, -65.2579722572246) 59 51
5 fsimplus(1.518236310016791, 0.14170083723616908, -1.6953469230502565, 2.3072240568759312, 180.84065586464146) 63 55
5 fsimplus(1.501595887625406, 0.12170275475969809, 3.255775777668889, 0.35880105305229903, -23.45759689969812) 69 61
5 fsimplus(1.5809147926780212, 0.16525210330680992, -0.8446747793687615, 1.012418472166436, -95.03270672091226) 70 62
5 fsimplus(1.6424100106553634, 0.17551876776923966, -2.8420012108339026, 1.9843689564688334, 207.1641688428125) 72 64
5 fsimplus(1.6300847087695813, 0.15024307926444075, -0.2124408933309762, -0.362447887553253, 178.14738754114236) 74 66
5 fsimplus(1.6413623062759286, 0.21375929439770588, 1.1727554763600971, -3.2877425674463, -187.7493169917842) 79 71
6 x_1_2 11
6 y_1_2 12
6 hz_1_2 17
6 x_1_2 18
6 x_1_2 19
6 y_1_2 20
6 x_1_2 25
6 y_1_2 26
6 hz_1_2 27
6 y_1_2 28
6 y_1_2 29
6 hz_1_2 31
6 hz_1_2 32
6 hz_1_2 33
6 y_1_2 34
6 y_1_2 35
6 y_1_2 36
6 y_1_2 37
6 hz_1_2 38
6 x_1_2 39
6 hz_1_2 40
6 hz_1_2 41
6 y_1_2 42
6 y_1_2 43
6 hz_1_2 44
6 y_1_2 45
6 hz_1_2 46
6 x_1_2 47
6 y_1_2 48
6 hz_1_2 50
6 x_1_2 51
6 y_1_2 53
6 hz_1_2 54
6 x_1_2 55
6 x_1_2 56
6 hz_1_2 57
6 x_1_2 58
6 y_1_2 59
6 x_1_2 61
6 hz_1_2 62
6 y_1_2 63
6 hz_1_2 64
6 y_1_2 65
6 x_1_2 66
6 y_1_2 67
6 hz_1_2 69
6 x_1_2 70
6 x_1_2 71
6 hz_1_2 72
6 y_1_2 74
6 y_1_2 77
6 x_1_2 78
6 x_1_2 79
7 fsimplus(1.5209647574800056, 0.14342174003687944, 0.19632525686699134, -0.2665924948477698, -55.35902916190215) 19 11
7 fsimplus(1.6392611356346756, 0.19141224571848994, 1.5297335268490482, 0.5709062386682199, -274.8013467325511) 20 12
7 fsimplus(1.606609700082454, 0.2051196526912861, -0.864626036426472, 2.094423840086801, -57.88053289975126) 33 25
7 fsimplus(1.594888335558269, 0.17289102938810194, 1.4405751641060276, -3.5347561991014995, -144.56484808504348) 34 26
7 fsimplus(1.4763564497482045, 0.25922139925587795, 1.7559590351820904, 0.8411094656202094, 49.14015812344347) 35 27
7 fsimplus(1.482100202262001, 0.06845569012937877, -2.5146187156740667, 1.9916772461219154, -187.95499373616394) 36 28
7 fsimplus(1.4260053121030516, -0.2906399672887316, 2.746138537938476, 2.1860859944493645, -83.18313705198369) 37 29
7 fsimplus(1.6023723700447365, 0.10777769376978247, -4.585059966973687, 6.070996089599565, -89.67637157849849) 46 38
7 fsimplus(1.5146414339661753, 0.17812216265997008, -2.1039185586402724, 1.304961603461524, -240.02936288605392) 48 40
7 fsimplus(1.4644250143246684, 6.405307556878569, 1.9761847763385982, -3.321480721210398, -138.9378837427953) 50 42
7 fsimplus(1.6696630411349949, 0.15217907958130267, 0.5035873018188195, -1.7455629070030667, -122.65028626262144) 51 43
7 fsimplus(1.5889691084038247, 0.12218328076516591, -1.7911665272429165, 9.615698259565486, -143.13683346584665) 55 47
7 fsimplus(1.512740450439378, 6.426498949622999, 1.5579319870823514, -0.2156815217334324, -59.137095154600054) 61 53
7 fsimplus(1.5381324526898885, 0.1938637412474655, 0.15307229854970011, 2.583511275654107, -121.4347778634066) 62 54
7 fsimplus(1.5311539799702192, 0.1391898314476297, -2.763585260599433, 1.787013777159948, -181.39908386825934) 64 56
7 fsimplus(1.6002257110471578, 0.21814435528489431, -0.3048946417226077, 3.9792724625862133, -75.67990334426989) 65 57
7 fsimplus(1.6067110165578595, 0.1588802142137154, -1.675664669249564, 0.8340356334835107, -289.6430802599489) 66 58
7 fsimplus(1.5337457232679728, 0.19537137288078776, 2.7968751991702, 0.8043966936799776, 100.71204957744655) 67 59
7 fsimplus(1.5210404909664492, 0.19659620626415775, 0.5806885233210081, 1.685721546427834, -178.901828632528) 71 63
7 fsimplus(1.5438863525304347, 0.13801735271361198, 1.546310422578992, 4.781330210234603, 149.73617467082337) 77 69
7 fsimplus(1.534454403811332, 0.18354345726592225, 0.3044508799765593, 0.853774477762827, -273.37389790494274) 78 70
8 y_1_2 11
8 x_1_2 12
8 y_1_2 17
8 y_1_2 18
8 hz_1_2 19
8 x_1_2 20
8 hz_1_2 25
8 hz_1_2 26
8 y_1_2 27
8 hz_1_2 28
8 hz_1_2 29
8 y_1_2 31
8 y_1_2 32
8 y_1_2 33
8 hz_1_2 34
8 hz_1_2 35
8 x_1_2 36
8 hz_1_2 37
8 x_1_2 38
8 hz_1_2 39
8 x_1_2 40
8 x_1_2 41
8 hz_1_2 42
8 x_1_2 43
8 y_1_2 44
8 x_1_2 45
8 y_1_2 46
8 y_1_2 47
8 x_1_2 48
8 x_1_2 50
8 hz_1_2 51
8 x_1_2 53
8 x_1_2 54
8 hz_1_2 55
8 hz_1_2 56
8 y_1_2 57
8 hz_1_2 58
8 hz_1_2 59
8 hz_1_2 61
8 y_1_2 62
8 hz_1_2 63
8 x_1_2 64
8 hz_1_2 65
8 hz_1_2 66
8 x_1_2 67
8 y_1_2 69
8 y_1_2 70
8 hz_1_2 71
8 x_1_2 72
8 x_1_2 74
8 hz_1_2 77
8 y_1_2 78
8 y_1_2 79
9 fsimplus(1.6017240526487753, 0.14667806471393785, -0.4398762548413339, 1.9261015321310389, 91.75992172731418) 25 17
9 fsimplus(1.5531585755590132, 0.18897982377505623, -3.217189150123622, 0.2145859825825397, 254.4902688595061) 26 18
9 fsimplus(1.6145778291705837, 0.17390037364565972, -1.3741215850310304, 5.286416638011127, 298.92149999922054) 27 19
9 fsimplus(1.5408637047522231, 0.19197496630633007, 1.386719970492691, 0.7385546954251792, 182.95269420959804) 28 20
9 fsimplus(1.5063963703659986, 6.393412828458584, 1.291409863932367, -2.4770192136811726, -114.72561218628167) 40 32
9 fsimplus(1.5246930910022933, 0.17829805988072592, -1.0986557769161083, 3.67057701188262, 186.12199070499744) 41 33
9 fsimplus(1.6306085977892364, 0.15538864365526672, -3.1565244083491732, -0.2783240475185382, 185.85148825844922) 42 34
9 fsimplus(1.5357160503300151, 0.1564642807253738, 0.22466768792201408, 0.159415343363965, -272.7757209978545) 43 35
9 fsimplus(0.0025940794571831013, -0.00349135389888416, -1.351101055605882, 1.317944592909587, -289.25482712081686) 44 36
9 fsimplus(1.4735823746830525, 0.20095958071498587, -1.3528339257917863, 1.263142999767304, 120.12583771776994) 53 45
9 fsimplus(1.6316137700298223, 0.18150797933820273, -1.090202613096634, 0.9656540432283978, 115.3237412395568) 54 46
9 fsimplus(1.5913366853117483, 0.1558711171924429, 0.2568799957339146, 1.210461446226561, 243.24472475119828) 56 48
9 fsimplus(1.4917444833643243, 0.18061200284926565, -0.7788250954000837, 1.0836502494721123, 261.40907733609004) 58 50
9 fsimplus(1.5974082069402498, 0.14683404844966463, 0.32819197987657256, -0.1302637501530639, -109.29053488993912) 59 51
9 fsimplus(1.518236310016791, 0.14170083723616908, -1.6953469230502565, 2.3072240568759312, 301.47153057718236) 63 55
9 fsimplus(1.501595887625406, 0.12170275475969809, 3.255775777668889, 0.35880105305229903, -39.052462832117854) 69 61
9 fsimplus(1.5809147926780212, 0.16525210330680992, -0.8446747793687615, 1.012418472166436, -158.10017924172737) 70 62
9 fsimplus(1.6424100106553634, 0.17551876776923966, -2.8420012108339026, 1.9843689564688334, 346.60061717974185) 72 64
9 fsimplus(1.6300847087695813, 0.15024307926444075, -0.2124408933309762, -0.362447887553253, 294.6502095068662) 74 66
9 fsimplus(1.6413623062759286, 0.21375929439770588, 1.1727554763600971, -3.2877425674463, -314.34293456083844) 79 71
10 x_1_2 11
10 hz_1_2 12
10 x_1_2 17
10 hz_1_2 18
10 y_1_2 19
10 hz_1_2 20
10 y_1_2 25
10 y_1_2 26
10 x_1_2 27
10 y_1_2 28
10 y_1_2 29
10 x_1_2 31
10 hz_1_2 32
10 hz_1_2 33
10 y_1_2 34
10 x_1_2 35
10 y_1_2 36
10 x_1_2 37
10 y_1_2 38
10 y_1_2 39
10 hz_1_2 40
10 y_1_2 41
10 y_1_2 42
10 hz_1_2 43
10 x_1_2 44
10 hz_1_2 45
10 x_1_2 46
10 x_1_2 47
10 y_1_2 48
10 hz_1_2 50
10 x_1_2 51
10 hz_1_2 53
10 y_1_2 54
10 y_1_2 55
10 x_1_2 56
10 hz_1_2 57
10 x_1_2 58
10 y_1_2 59
10 x_1_2 61
10 x_1_2 62
10 y_1_2 63
10 y_1_2 64
10 y_1_2 65
10 x_1_2 66
10 y_1_2 67
10 x_1_2 69
10 x_1_2 70
10 y_1_2 71
10 hz_1_2 72
10 y_1_2 74
10 x_1_2 77
10 x_1_2 78
10 hz_1_2 79
11 fsimplus(1.5209647574800056, 0.14342174003687944, 0.19632525686699134, -0.2665924948477698, -84.71407091704516) 19 11
11 fsimplus(1.6392611356346756, 0.19141224571848994, 1.5297335268490482, 0.5709062386682199, -412.40310495978406) 20 12
11 fsimplus(1.606609700082454, 0.2051196526912861, -0.864626036426472, 2.094423840086801, -87.23557465489428) 33 25
11 fsimplus(1.594888335558269, 0.17289102938810194, 1.4405751641060276, -3.5347561991014995, -217.95245247290103) 34 26
11 fsimplus(1.4763564497482045, 0.25922139925587795, 1.7559590351820904, 0.8411094656202094, 73.90847460434539) 35 27
11 fsimplus(1.482100202262001, 0.06845569012937877, -2.5146187156740667, 1.9916772461219154, -283.35887944037876) 36 28
11 fsimplus(1.4260053121030516, -0.2906399672887316, 2.746138537938476, 2.1860859944493645, -124.46366452015354) 37 29
11 fsimplus(1.6023723700447365, 0.10777769376978247, -4.585059966973687, 6.070996089599565, -133.70893421121298) 46 38
11 fsimplus(1.5146414339661753, 0.17812216265997008, -2.1039185586402724, 1.304961603461524, -361.1189101260188) 48 40
11 fsimplus(1.4644250143246684, 6.405307556878569, 1.9761847763385982, -3.321480721210398, -207.73876285641177) 50 42
11 fsimplus(1.6696630411349949, 0.15217907958130267, 0.5035873018188195, -1.7455629070030667, -185.02974999230034) 51 43
11 fsimplus(1.5889691084038247, 0.12218328076516591, -1.7911665272429165, 9.615698259565486, -213.77240268915955) 55 47
11 fsimplus(1.512740450439378, 6.426498949622999, 1.5579319870823514, -0.2156815217334324, -87.57479185489485) 61 53
11 fsimplus(1.5381324526898885, 0.1938637412474655, 0.15307229854970011, 2.583511275654107, -182.20888774710113) 62 54
11 fsimplus(1.5311539799702192, 0.1391898314476297, -2.763585260599433, 1.787013777159948, -273.1335893530813) 64 56
11 fsimplus(1.6002257110471578, 0.21814435528489431, -0.3048946417226077, 3.9792724625862133, -113.29105059304688) 65 57
11 fsimplus(1.6067110165578595, 0.1588802142137154, -1.675664669249564, 0.8340356334835107, -433.6662538711193) 66 58
11 fsimplus(1.5337457232679728, 0.19537137288078776, 2.7968751991702, 0.8043966936799776, 151.1660275940986) 67 59
11 fsimplus(1.5210404909664492, 0.19659620626415775, 0.5806885233210081, 1.685721546427834, -269.26031653507766) 71 63
11 fsimplus(1.5438863525304347, 0.13801735271361198, 1.546310422578992, 4.781330210234603, 225.87581422322558) 77 69
11 fsimplus(1.534454403811332, 0.18354345726592225, 0.3044508799765593, 0.853774477762827, -410.9756561321757) 78 70
12 y_1_2 11
12 x_1_2 12
12 hz_1_2 17
12 y_1_2 18
12 x_1_2 19
12 x_1_2 20
12 hz_1_2 25
12 hz_1_2 26
12 hz_1_2 27
12 x_1_2 28
12 hz_1_2 29
12 hz_1_2 31
12 x_1_2 32
12 y_1_2 33
12 hz_1_2 34
12 y_1_2 35
12 x_1_2 36
12 hz_1_2 37
12 x_1_2 38
12 hz_1_2 39
12 y_1_2 40
12 hz_1_2 41
12 hz_1_2 42
12 x_1_2 43
12 y_1_2 44
12 x_1_2 45
12 y_1_2 46
12 hz_1_2 47
12 hz_1_2 48
12 x_1_2 50
12 hz_1_2 51
12 y_1_2 53
12 hz_1_2 54
12 hz_1_2 55
12 y_1_2 56
12 y_1_2 57
12 y_1_2 58
12 x_1_2 59
12 y_1_2 61
12 hz_1_2 62
12 x_1_2 63
12 hz_1_2 64
12 x_1_2 65
12 y_1_2 66
12 x_1_2 67
12 y_1_2 69
12 hz_1_2 70
12 x_1_2 71
12 y_1_2 72
12 hz_1_2 74
12 hz_1_2 77
12 hz_1_2 78
12 y_1_2 79
13 fsimplus(1.5278535013211971, 0.11151795021458467, -2.1766053374228735, 3.1000008642291443, -238.15424912715292) 18 11
13 fsimplus(1.5531121624663105, 0.18363930522426564, 3.950931487801105, 0.5332164631350784, 216.57654759168148) 26 19
13 fsimplus(1.5709190706580292, 0.21180134827719568, 3.7833537148693352, 3.0210251237331245, 261.47348760668376) 32 25
13 fsimplus(1.4900361111801879, 0.12160496297638149, -0.40140414504390204, 1.5654249617863667, -459.48690547146856) 34 27
13 fsimplus(1.5234356309381858, 0.14480132922443714, 0.05768243135277495, 0.8795929706875367, 226.79034513802986) 35 28
13 fsimplus(1.5690025055126056, 0.1588039003910756, -4.211778349778334, 18.761384069568113, 203.31640960703155) 40 33
13 fsimplus(1.5262708285043902, 0.12889533375476828, 1.8282911101668708, 2.520791191025141, 180.12963442260295) 43 36
13 fsimplus(1.5000888045052045, 6.325286385756063, -1.8942627376662067, -1.0894152716673522, -515.443893677894) 45 38
13 fsimplus(1.5166626826087504, 0.18362331804371762, 3.395785819779469, -0.1612089838077514, -256.7935977190308) 46 39
13 fsimplus(1.5147232276288598, 0.1657559559348471, -3.214101774568703, 4.955720955012547, -477.6173640626537) 48 41
13 fsimplus(1.5688226398515772, 0.15083053299631016, 1.491168384732255, 7.846770779871771, 376.01244322869087) 51 44
13 fsimplus(1.4864508267273526, 0.20685485089898015, -2.6162454597665845, 1.326087480568765, 275.6687556159854) 54 47
13 fsimplus(1.6511734327098777, 0.09992227004346986, 3.1329375344091144, -2.6656014438429105, 161.67987343077408) 57 50
13 fsimplus(1.6259338898955298, 0.12998642143197317, 0.6636237030388062, 0.12834771935176134, 310.95354958660414) 62 55
13 fsimplus(1.6651882823546544, 0.12698025195001958, 2.4922434620207734, -1.2366110082363109, 352.3903594840965) 63 56
13 fsimplus(1.5870680448373233, 0.14778421732114602, 3.1893361315471735, 3.1860111443954886, -336.44160246776045) 65 58
13 fsimplus(1.467686695984151, 0.1505223774378516, 3.1595584201419182, 1.2775730675103032, 86.79610320714347) 66 59
13 fsimplus(1.521139566126501, 0.14021863701580534, 1.3605182824948496, 1.0203931077942023, 356.4907120116568) 71 64
13 fsimplus(1.6191367637833147, 0.14008453878534644, 1.4118644601667583, -2.6140337825100577, 320.13898151239965) 74 67
13 fsimplus(1.6160765679924072, 0.13374910573268503, -0.38374219188495057, -0.6116087791115327, 192.93613075800025) 77 70
13 fsimplus(0.0005668938547013975, -0.032619750836490796, 0.042307424350188826, -0.037133053969347345, -567.8891993529857) 79 72
14 x_1_2 11
14 hz_1_2 12
14 y_1_2 17
14 x_1_2 18
14 hz_1_2 19
14 hz_1_2 20
14 y_1_2 25
14 y_1_2 26
14 x_1_2 27
14 y_1_2 28
14 x_1_2 29
14 x_1_2 31
14 hz_1_2 32
14 x_1_2 33
14 x_1_2 34
14 x_1_2 35
14 hz_1_2 36
14 y_1_2 37
14 y_1_2 38
14 y_1_2 39
14 hz_1_2 40
14 x_1_2 41
14 x_1_2 42
14 y_1_2 43
14 hz_1_2 44
14 y_1_2 45
14 x_1_2 46
14 y_1_2 47
14 y_1_2 48
14 hz_1_2 50
14 y_1_2 51
14 hz_1_2 53
14 x_1_2 54
14 x_1_2 55
14 x_1_2 56
14 hz_1_2 57
14 hz_1_2 58
14 y_1_2 59
14 x_1_2 61
14 y_1_2 62
14 hz_1_2 63
14 x_1_2 64
14 hz_1_2 65
14 x_1_2 66
14 y_1_2 67
14 x_1_2 69
14 y_1_2 70
14 y_1_2 71
14 hz_1_2 72
14 x_1_2 74
14 x_1_2 77
14 y_1_2 78
14 hz_1_2 79
15 fsimplus(1.6120750859763333, 0.11916446441337923, 3.088461893859465, -1.0762002733416318, -574.9262031308584) 19 12
15 fsimplus(-0.006899958480421245, -0.0032898302509681903, 0.003819742315039824, -0.0049594250498427635, 333.830177092286) 25 18
15 fsimplus(1.578106304580318, 0.10912766482814805, 3.7508317877176895, -0.08171714041974495, 452.99743804873617) 27 20
15 fsimplus(1.5033512337072046, -6.122746850958034, 0.6689770234916688, 2.5224721952211233, -189.36867042945937) 33 26
15 fsimplus(1.6765892936503888, -0.07722121070506241, -0.7501436870555455, 3.0135518656174534, -146.39922874248552) 36 29
15 fsimplus(1.5535845633211427, 0.2551479585816817, 1.1515297438109322, 0.8034637528773343, 360.456715729087) 38 31
15 fsimplus(1.5495820138082381, 0.21478568341562196, -0.27178517290327964, -0.5520241307588011, 344.96784623216263) 39 32
15 fsimplus(1.5150620340962333, 0.16645577154633, 0.09839484057676263, -0.9179277248744068, 404.1534360641837) 41 34
15 fsimplus(1.632931585571834, 0.18137630148081518, 1.6071395197695935, 1.8651427926657058, -333.0593927187677) 42 35
15 fsimplus(1.524041951767269, 0.16720705392671842, 0.21313447069314592, -0.0563715042282891, -454.8852011506873) 44 37
15 fsimplus(1.5221377122687567, 0.1506304035757886, 3.8110860400651294, 0.07564013767287131, 102.9367048977752) 47 40
15 fsimplus(1.6167908584192552, 0.19084164186228406, 4.139572214373988, 8.426885556648855, -167.59060389146245) 50 43
15 fsimplus(1.6190774990785346, 0.13947574484584227, 0.7514234402797888, 3.9121753939243877, -221.40279598771662) 53 46
15 fsimplus(1.6004705901156622, 0.15242184192564912, -1.0435707770953013, 2.1967979847300367, 307.0724908687004) 55 48
15 fsimplus(1.6166569801166977, 0.16268449704531937, 2.240653109895771, 1.0149786732553598, 498.54877491606993) 58 51
15 fsimplus(1.6738150257436675, 0.20067694025386443, 1.2407345187311052, -2.724901667929832, -515.1892655487027) 61 54
15 fsimplus(1.5606064120184027, 0.14861718501286278, 3.337748102915106, -1.4250405936271378, -329.3847565233135) 64 57
15 fsimplus(1.6766832255794075, 0.12902856466695187, -0.38248755299690107, 1.9970357466835233, -334.1739182028201) 69 62
15 fsimplus(1.624758241788708, 0.14865154721404286, 1.3322522609107659, 0.7514592158135812, -383.9663597920927) 70 63
15 fsimplus(1.5159852704906789, 0.1888610064554085, 0.25377089369305417, 2.427070205309697, 379.10021973994543) 72 65
15 fsimplus(1.6411567672670497, 6.338629293639052, 1.3096415558068273, -5.865792953098693, -569.9578907262653) 78 71
16 y_1_2 11
16 x_1_2 12
16 x_1_2 17
16 y_1_2 18
16 y_1_2 19
16 y_1_2 20
16 hz_1_2 25
16 x_1_2 26
16 hz_1_2 27
16 x_1_2 28
16 hz_1_2 29
16 hz_1_2 31
16 y_1_2 32
16 y_1_2 33
16 y_1_2 34
16 y_1_2 35
16 x_1_2 36
16 x_1_2 37
16 x_1_2 38
16 x_1_2 39
16 y_1_2 40
16 y_1_2 41
16 y_1_2 42
16 hz_1_2 43
16 y_1_2 44
16 x_1_2 45
16 y_1_2 46
16 x_1_2 47
16 x_1_2 48
16 x_1_2 50
16 x_1_2 51
16 y_1_2 53
16 y_1_2 54
16 y_1_2 55
16 y_1_2 56
16 y_1_2 57
16 x_1_2 58
16 x_1_2 59
16 y_1_2 61
16 x_1_2 62
16 y_1_2 63
16 hz_1_2 64
16 x_1_2 65
16 y_1_2 66
16 x_1_2 67
16 hz_1_2 69
16 x_1_2 70
16 hz_1_2 71
16 y_1_2 72
16 hz_1_2 74
16 y_1_2 77
16 x_1_2 78
16 x_1_2 79
17 fsimplus(1.5278535013211971, 0.11151795021458467, -2.1766053374228735, 3.1000008642291443, -306.9551282407694) 18 11
17 fsimplus(1.5531121624663105, 0.18363930522426564, 3.950931487801105, 0.5332164631350784, 278.03866626651217) 26 19
17 fsimplus(1.5709190706580292, 0.21180134827719568, 3.7833537148693352, 3.0210251237331245, 335.7784370493895) 32 25
17 fsimplus(1.4900361111801879, 0.12160496297638149, -0.40140414504390204, 1.5654249617863667, -590.667248314764) 34 27
17 fsimplus(1.5234356309381858, 0.14480132922443714, 0.05768243135277495, 0.8795929706875367, 291.92184403225343) 35 28
17 fsimplus(1.5690025055126056, 0.1588039003910756, -4.211778349778334, 18.761384069568113, 262.0264931173175) 40 33
17 fsimplus(1.5262708285043902, 0.12889533375476828, 1.8282911101668708, 2.520791191025141, 231.50095749410323) 43 36
17 fsimplus(1.5000888045052045, 6.325286385756063, -1.8942627376662067, -1.0894152716673522, -662.2191024536091) 45 38
17 fsimplus(1.5166626826087504, 0.18362331804371762, 3.395785819779469, -0.1612089838077514, -330.2595205204505) 46 39
17 fsimplus(1.5147232276288598, 0.1657559559348471, -3.214101774568703, 4.955720955012547, -614.7558167066298) 48 41
17 fsimplus(1.5688226398515772, 0.15083053299631016, 1.491168384732255, 7.846770779871771, 484.2591597007808) 51 44
17 fsimplus(1.4864508267273526, 0.20685485089898015, -2.6162454597665845, 1.326087480568765, 353.643085278084) 54 47
17 fsimplus(1.6511734327098777, 0.09992227004346986, 3.1329375344091144, -2.6656014438429105, 207.54712617318503) 57 50
17 fsimplus(1.6259338898955298, 0.12998642143197317, 0.6636237030388062, 0.12834771935176134, 398.78933858832113) 62 55
17 fsimplus(1.6651882823546544, 0.12698025195001958, 2.4922434620207734, -1.2366110082363109, 452.8396429899765) 63 56
17 fsimplus(1.5870680448373233, 0.14778421732114602, 3.1893361315471735, 3.1860111443954886, -432.7628332268235) 65 58
17 fsimplus(1.467686695984151, 0.1505223774378516, 3.1595584201419182, 1.2775730675103032, 111.56441968804539) 66 59
17 fsimplus(1.521139566126501, 0.14021863701580534, 1.3605182824948496, 1.0203931077942023, 458.31601309980914) 71 64
17 fsimplus(1.6191367637833147, 0.14008453878534644, 1.4118644601667583, -2.6140337825100577, 410.9561419423734) 74 67
17 fsimplus(1.6160765679924072, 0.13374910573268503, -0.38374219188495057, -0.6116087791115327, 247.9768340488934) 77 70
17 fsimplus(0.0005668938547013975, -0.032619750836490796, 0.042307424350188826, -0.037133053969347345, -732.0939641708169) 79 72
18 hz_1_2 11
18 hz_1_2 12
18 hz_1_2 17
18 hz_1_2 18
18 hz_1_2 19
18 x_1_2 20
18 y_1_2 25
18 y_1_2 26
18 y_1_2 27
18 hz_1_2 28
18 x_1_2 29
18 y_1_2 31
18 x_1_2 32
18 x_1_2 33
18 hz_1_2 34
18 hz_1_2 35
18 y_1_2 36
18 hz_1_2 37
18 y_1_2 38
18 hz_1_2 39
18 x_1_2 40
18 x_1_2 41
18 hz_1_2 42
18 x_1_2 43
18 x_1_2 44
18 y_1_2 45
18 x_1_2 46
18 hz_1_2 47
18 y_1_2 48
18 y_1_2 50
18 y_1_2 51
18 x_1_2 53
18 hz_1_2 54
18 x_1_2 55
18 x_1_2 56
18 hz_1_2 57
18 hz_1_2 58
18 y_1_2 59
18 x_1_2 61
18 y_1_2 62
18 hz_1_2 63
18 y_1_2 64
18 y_1_2 65
18 hz_1_2 66
18 hz_1_2 67
18 y_1_2 69
18 hz_1_2 70
18 y_1_2 71
18 hz_1_2 72
18 y_1_2 74
18 x_1_2 77
18 hz_1_2 78
18 y_1_2 79
19 fsimplus(1.6120750859763333, 0.11916446441337923, 3.088461893859465, -1.0762002733416318, -718.9493767420289) 19 12
19 fsimplus(-0.006899958480421245, -0.0032898302509681903, 0.003819742315039824, -0.0049594250498427635, 416.3912320286257) 25 18
19 fsimplus(1.578106304580318, 0.10912766482814805, 3.7508317877176895, -0.08171714041974495, 565.8308797950672) 27 20
19 fsimplus(1.5033512337072046, -6.122746850958034, 0.6689770234916688, 2.5224721952211233, -237.0706132815668) 33 26
19 fsimplus(1.6765892936503888, -0.07722121070506241, -0.7501436870555455, 3.0135518656174534, -183.09303093641432) 36 29
19 fsimplus(1.5535845633211427, 0.2551479585816817, 1.1515297438109322, 0.8034637528773343, 450.35653110421254) 38 31
19 fsimplus(1.5495820138082381, 0.21478568341562196, -0.27178517290327964, -0.5520241307588011, 431.2765998014574) 39 32
19 fsimplus(1.5150620340962333, 0.16645577154633, 0.09839484057676263, -0.9179277248744068, 504.598086514231) 41 34
19 fsimplus(1.632931585571834, 0.18137630148081518, 1.6071395197695935, 1.8651427926657058, -415.6204476551074) 42 35
19 fsimplus(1.524041951767269, 0.16720705392671842, 0.21313447069314592, -0.0563715042282891, -569.5533330067148) 44 37
19 fsimplus(1.5221377122687567, 0.1506304035757886, 3.8110860400651294, 0.07564013767287131, 128.62236643352537) 47 40
19 fsimplus(1.6167908584192552, 0.19084164186228406, 4.139572214373988, 8.426885556648855, -209.78847641448056) 50 43
19 fsimplus(1.6190774990785346, 0.13947574484584227, 0.7514234402797888, 3.9121753939243877, -276.44349927860975) 53 46
19 fsimplus(1.6004705901156622, 0.15242184192564912, -1.0435707770953013, 2.1967979847300367, 383.2121304211026) 55 48
19 fsimplus(1.6166569801166977, 0.16268449704531937, 2.240653109895771, 1.0149786732553598, 623.3077023754278) 58 51
19 fsimplus(1.6738150257436675, 0.20067694025386443, 1.2407345187311052, -2.724901667929832, -644.5349182823016) 61 54
19 fsimplus(1.5606064120184027, 0.14861718501286278, 3.337748102915106, -1.4250405936271378, -411.9458114596532) 64 57
19 fsimplus(1.6766832255794075, 0.12902856466695187, -0.38248755299690107, 1.9970357466835233, -418.34032698514426) 69 62
19 fsimplus(1.624758241788708, 0.14865154721404286, 1.3322522609107659, 0.7514592158135812, -479.8289180237316) 70 63
19 fsimplus(1.5159852704906789, 0.1888610064554085, 0.25377089369305417, 2.427070205309697, 473.586760389312) 72 65
19 fsimplus(1.6411567672670497, 6.338629293639052, 1.3096415558068273, -5.865792953098693, -713.0637192825876) 78 71
20 x_1_2 11
20 x_1_2 12
20 x_1_2 17
20 x_1_2 18
20 y_1_2 19
20 y_1_2 20
20 x_1_2 25
20 hz_1_2 26
20 x_1_2 27
20 y_1_2 28
20 y_1_2 29
20 hz_1_2 31
20 hz_1_2 32
20 y_1_2 33
20 y_1_2 34
20 x_1_2 35
20 hz_1_2 36
20 y_1_2 37
20 hz_1_2 38
20 x_1_2 39
20 hz_1_2 40
20 hz_1_2 41
20 x_1_2 42
20 y_1_2 43
20 hz_1_2 44
20 x_1_2 45
20 y_1_2 46
20 y_1_2 47
20 x_1_2 48
20 x_1_2 50
20 hz_1_2 51
20 y_1_2 53
20 y_1_2 54
20 hz_1_2 55
20 hz_1_2 56
20 x_1_2 57
20 y_1_2 58
20 hz_1_2 59
20 y_1_2 61
20 hz_1_2 62
20 x_1_2 63
20 x_1_2 64
20 x_1_2 65
20 x_1_2 66
20 y_1_2 67
20 x_1_2 69
20 x_1_2 70
20 x_1_2 71
20 y_1_2 72
20 x_1_2 74
20 hz_1_2 77
20 x_1_2 78
20 hz_1_2 79
21 fsimplus(1.6017240526487753, 0.14667806471393785, -0.4398762548413339, 1.9261015321310389, 201.84132830910053) 25 17
21 fsimplus(1.5531585755590132, 0.18897982377505623, -3.217189150123622, 0.2145859825825397, 557.2141369594185) 26 18
21 fsimplus(1.6145778291705837, 0.17390037364565972, -1.3741215850310304, 5.286416638011127, 656.686071390026) 27 19
21 fsimplus(1.5408637047522231, 0.19197496630633007, 1.386719970492691, 0.7385546954251792, 400.36347220862604) 28 20
21 fsimplus(1.5063963703659986, 6.393412828458584, 1.291409863932367, -2.4770192136811726, -249.5753352489699) 40 32
21 fsimplus(1.5246930910022933, 0.17829805988072592, -1.0986557769161083, 3.67057701188262, 410.39895744788896) 41 33
21 fsimplus(1.6306085977892364, 0.15538864365526672, -3.1565244083491732, -0.2783240475185382, 406.0143014220219) 42 34
21 fsimplus(1.5357160503300151, 0.1564642807253738, 0.22466768792201408, 0.159415343363965, -600.2679055786687) 43 35
21 fsimplus(0.0025940794571831013, -0.00349135389888416, -1.351101055605882, 1.317944592909587, -647.0193985116224) 44 36
21 fsimplus(1.4735823746830525, 0.20095958071498587, -1.3528339257917863, 1.263142999767304, 263.23166627409216) 53 45
21 fsimplus(1.6316137700298223, 0.18150797933820273, -1.090202613096634, 0.9656540432283978, 252.92549946678966) 54 46
21 fsimplus(1.5913366853117483, 0.1558711171924429, 0.2568799957339146, 1.210461446226561, 532.2084170283873) 56 48
21 fsimplus(1.4917444833643243, 0.18061200284926565, -0.7788250954000837, 1.0836502494721123, 575.1410860941811) 58 50
21 fsimplus(1.5974082069402498, 0.14683404844966463, 0.32819197987657256, -0.1302637501530639, -241.38822278808271) 59 51
21 fsimplus(1.518236310016791, 0.14170083723616908, -1.6953469230502565, 2.3072240568759312, 663.3641547148048) 63 55
21 fsimplus(1.501595887625406, 0.12170275475969809, 3.255775777668889, 0.35880105305229903, -85.83706062937704) 69 61
21 fsimplus(1.5809147926780212, 0.16525210330680992, -0.8446747793687615, 1.012418472166436, -347.3025968041726) 70 62
21 fsimplus(1.6424100106553634, 0.17551876776923966, -2.8420012108339026, 1.9843689564688334, 764.9099621905298) 72 64
21 fsimplus(1.6300847087695813, 0.15024307926444075, -0.2124408933309762, -0.362447887553253, 644.1586754040377) 74 66
21 fsimplus(1.6413623062759286, 0.21375929439770588, 1.1727554763600971, -3.2877425674463, -694.1237872680013) 79 71
22 hz_1_2 11
22 hz_1_2 12
22 hz_1_2 17
22 y_1_2 18
22 hz_1_2 19
22 hz_1_2 20
22 hz_1_2 25
22 x_1_2 26
22 hz_1_2 27
22 x_1_2 28
22 x_1_2 29
22 y_1_2 31
22 x_1_2 32
22 hz_1_2 33
22 x_1_2 34
22 y_1_2 35
22 x_1_2 36
22 x_1_2 37
22 y_1_2 38
22 y_1_2 39
22 x_1_2 40
22 y_1_2 41
22 y_1_2 42
22 hz_1_2 43
22 x_1_2 44
22 y_1_2 45
22 x_1_2 46
22 hz_1_2 47
22 hz_1_2 48
22 hz_1_2 50
22 y_1_2 51
22 hz_1_2 53
22 x_1_2 54
22 y_1_2 55
22 y_1_2 56
22 hz_1_2 57
22 x_1_2 58
22 y_1_2 59
22 hz_1_2 61
22 y_1_2 62
22 y_1_2 63
22 y_1_2 64
22 hz_1_2 65
22 hz_1_2 66
22 x_1_2 67
22 y_1_2 69
22 y_1_2 70
22 y_1_2 71
22 hz_1_2 72
22 y_1_2 74
22 x_1_2 77
22 y_1_2 78
22 y_1_2 79
23 fsimplus(1.5209647574800056, 0.14342174003687944, 0.19632525686699134, -0.2665924948477698, -172.77919618247424) 19 11
23 fsimplus(1.6392611356346756, 0.19141224571848994, 1.5297335268490482, 0.5709062386682199, -825.2083796414827) 20 12
23 fsimplus(1.606609700082454, 0.2051196526912861, -0.864626036426472, 2.094423840086801, -175.30069992032335) 33 25
23 fsimplus(1.594888335558269, 0.17289102938810194, 1.4405751641060276, -3.5347561991014995, -438.1152656364736) 34 26
23 fsimplus(1.4763564497482045, 0.25922139925587795, 1.7559590351820904, 0.8411094656202094, 148.21342404705118) 35 27
23 fsimplus(1.482100202262001, 0.06845569012937877, -2.5146187156740667, 1.9916772461219154, -569.5705365530231) 36 28
23 fsimplus(1.4260053121030516, -0.2906399672887316, 2.746138537938476, 2.1860859944493645, -248.30524692466318) 37 29
23 fsimplus(1.6023723700447365, 0.10777769376978247, -4.585059966973687, 6.070996089599565, -265.80662210935657) 46 38
23 fsimplus(1.5146414339661753, 0.17812216265997008, -2.1039185586402724, 1.304961603461524, -724.3875518459138) 48 40
23 fsimplus(1.4644250143246684, 6.405307556878569, 1.9761847763385982, -3.321480721210398, -414.1414001972611) 50 42
23 fsimplus(1.6696630411349949, 0.15217907958130267, 0.5035873018188195, -1.7455629070030667, -372.16814118133715) 51 43
23 fsimplus(1.5889691084038247, 0.12218328076516591, -1.7911665272429165, 9.615698259565486, -425.67911035909816) 55 47
23 fsimplus(1.512740450439378, 6.426498949622999, 1.5579319870823514, -0.2156815217334324, -172.88788195577925) 61 53
23 fsimplus(1.5381324526898885, 0.1938637412474655, 0.15307229854970011, 2.583511275654107, -364.5312173981847) 62 54
23 fsimplus(1.5311539799702192, 0.1391898314476297, -2.763585260599433, 1.787013777159948, -548.3371058075471) 64 56
23 fsimplus(1.6002257110471578, 0.21814435528489431, -0.3048946417226077, 3.9792724625862133, -226.12449233937787) 65 57
23 fsimplus(1.6067110165578595, 0.1588802142137154, -1.675664669249564, 0.8340356334835107, -865.7357747046307) 66 58
23 fsimplus(1.5337457232679728, 0.19537137288078776, 2.7968751991702, 0.8043966936799776, 302.5279616440548) 67 59
23 fsimplus(1.5210404909664492, 0.19659620626415775, 0.5806885233210081, 1.685721546427834, -540.3357802427264) 71 63
23 fsimplus(1.5438863525304347, 0.13801735271361198, 1.546310422578992, 4.781330210234603, 454.2947328804322) 77 69
23 fsimplus(1.534454403811332, 0.18354345726592225, 0.3044508799765593, 0.853774477762827, -823.7809308138743) 78 70
24 y_1_2 11
24 y_1_2 12
24 y_1_2 17
24 x_1_2 18
24 x_1_2 19
24 y_1_2 20
24 y_1_2 25
24 y_1_2 26
24 y_1_2 27
24 y_1_2 28
24 y_1_2 29
24 hz_1_2 31
24 y_1_2 32
24 y_1_2 33
24 hz_1_2 34
24 x_1_2 35
24 y_1_2 36
24 hz_1_2 37
24 x_1_2 38
24 hz_1_2 39
24 y_1_2 40
24 x_1_2 41
24 x_1_2 42
24 x_1_2 43
24 y_1_2 44
24 hz_1_2 45
24 hz_1_2 46
24 x_1_2 47
24 y_1_2 48
24 y_1_2 50
24 hz_1_2 51
24 x_1_2 53
24 hz_1_2 54
24 x_1_2 55
24 hz_1_2 56
24 y_1_2 57
24 y_1_2 58
24 hz_1_2 59
24 y_1_2 61
24 x_1_2 62
24 hz_1_2 63
24 x_1_2 64
24 x_1_2 65
24 y_1_2 66
24 y_1_2 67
24 hz_1_2 69
24 x_1_2 70
24 hz_1_2 71
24 x_1_2 72
24 hz_1_2 74
24 y_1_2 77
24 hz_1_2 78
24 x_1_2 79
25 fsimplus(1.6017240526487753, 0.14667806471393785, -0.4398762548413339, 1.9261015321310389, 238.5351305030293) 25 17
25 fsimplus(1.5531585755590132, 0.18897982377505623, -3.217189150123622, 0.2145859825825397, 658.1220929927226) 26 18
25 fsimplus(1.6145778291705837, 0.17390037364565972, -1.3741215850310304, 5.286416638011127, 775.9409285202945) 27 19
25 fsimplus(1.5408637047522231, 0.19197496630633007, 1.386719970492691, 0.7385546954251792, 472.83373154163536) 28 20
25 fsimplus(1.5063963703659986, 6.393412828458584, 1.291409863932367, -2.4770192136811726, -294.52524293653266) 40 32
25 fsimplus(1.5246930910022933, 0.17829805988072592, -1.0986557769161083, 3.67057701188262, 485.1579463621862) 41 33
25 fsimplus(1.6306085977892364, 0.15538864365526672, -3.1565244083491732, -0.2783240475185382, 479.40190580987945) 42 34
25 fsimplus(1.5357160503300151, 0.1564642807253738, 0.22466768792201408, 0.159415343363965, -709.4319671056068) 43 35
25 fsimplus(0.0025940794571831013, -0.00349135389888416, -1.351101055605882, 1.317944592909587, -766.2742556418909) 44 36
25 fsimplus(1.4735823746830525, 0.20095958071498587, -1.3528339257917863, 1.263142999767304, 310.93360912619954) 53 45
25 fsimplus(1.6316137700298223, 0.18150797933820273, -1.090202613096634, 0.9656540432283978, 298.7927522092006) 54 46
25 fsimplus(1.5913366853117483, 0.1558711171924429, 0.2568799957339146, 1.210461446226561, 628.5296477874504) 56 48
25 fsimplus(1.4917444833643243, 0.18061200284926565, -0.7788250954000837, 1.0836502494721123, 679.718422346878) 58 50
25 fsimplus(1.5974082069402498, 0.14683404844966463, 0.32819197987657256, -0.1302637501530639, -285.4207854207972) 59 51
25 fsimplus(1.518236310016791, 0.14170083723616908, -1.6953469230502565, 2.3072240568759312, 783.9950294273457) 63 55
25 fsimplus(1.501595887625406, 0.12170275475969809, 3.255775777668889, 0.35880105305229903, -101.43192656179674) 69 61
25 fsimplus(1.5809147926780212, 0.16525210330680992, -0.8446747793687615, 1.012418472166436, -410.3700693249877) 70 62
25 fsimplus(1.6424100106553634, 0.17551876776923966, -2.8420012108339026, 1.9843689564688334, 904.346410527459) 72 64
25 fsimplus(1.6300847087695813, 0.15024307926444075, -0.2124408933309762, -0.362447887553253, 760.6614973697616) 74 66
25 fsimplus(1.6413623062759286, 0.21375929439770588, 1.1727554763600971, -3.2877425674463, -820.7174048370557) 79 71
26 x_1_2 11
26 x_1_2 12
26 hz_1_2 17
26 hz_1_2 18
26 y_1_2 19
26 hz_1_2 20
26 hz_1_2 25
26 hz_1_2 26
26 x_1_2 27
26 x_1_2 28
26 hz_1_2 29
26 y_1_2 31
26 x_1_2 32
26 hz_1_2 33
26 y_1_2 34
26 y_1_2 35
26 hz_1_2 36
26 y_1_2 37
26 y_1_2 38
26 x_1_2 39
26 hz_1_2 40
26 hz_1_2 41
26 y_1_2 42
26 y_1_2 43
26 x_1_2 44
26 y_1_2 45
26 y_1_2 46
26 y_1_2 47
26 x_1_2 48
26 x_1_2 50
26 x_1_2 51
26 hz_1_2 53
26 y_1_2 54
26 hz_1_2 55
26 x_1_2 56
26 x_1_2 57
26 x_1_2 58
26 x_1_2 59
26 x_1_2 61
26 hz_1_2 62
26 y_1_2 63
26 hz_1_2 64
26 y_1_2 65
26 hz_1_2 66
26 hz_1_2 67
26 x_1_2 69
26 y_1_2 70
26 x_1_2 71
26 y_1_2 72
26 y_1_2 74
26 hz_1_2 77
26 y_1_2 78
26 hz_1_2 79
27 fsimplus(1.5209647574800056, 0.14342174003687944, 0.19632525686699134, -0.2665924948477698, -202.13423793761729) 19 11
27 fsimplus(1.6392611356346756, 0.19141224571848994, 1.5297335268490482, 0.5709062386682199, -962.8101378687156) 20 12
27 fsimplus(1.606609700082454, 0.2051196526912861, -0.864626036426472, 2.094423840086801, -204.6557416754664) 33 25
27 fsimplus(1.594888335558269, 0.17289102938810194, 1.4405751641060276, -3.5347561991014995, -511.5028700243313) 34 26
27 fsimplus(1.4763564497482045, 0.25922139925587795, 1.7559590351820904, 0.8411094656202094, 172.98174052795312) 35 27
27 fsimplus(1.482100202262001, 0.06845569012937877, -2.5146187156740667, 1.9916772461219154, -664.9744222572381) 36 28
27 fsimplus(1.4260053121030516, -0.2906399672887316, 2.746138537938476, 2.1860859944493645, -289.58577439283306) 37 29
27 fsimplus(1.6023723700447365, 0.10777769376978247, -4.585059966973687, 6.070996089599565, -309.83918474207115) 46 38
27 fsimplus(1.5146414339661753, 0.17812216265997008, -2.1039185586402724, 1.304961603461524, -845.4770990858789) 48 40
27 fsimplus(1.4644250143246684, 6.405307556878569, 1.9761847763385982, -3.321480721210398, -482.94227931087755) 50 42
27 fsimplus(1.6696630411349949, 0.15217907958130267, 0.5035873018188195, -1.7455629070030667, -434.5476049110161) 51 43
27 fsimplus(1.5889691084038247, 0.12218328076516591, -1.7911665272429165, 9.615698259565486, -496.3146795824111) 55 47
27 fsimplus(1.512740450439378, 6.426498949622999, 1.5579319870823514, -0.2156815217334324, -201.32557865607407) 61 53
27 fsimplus(1.5381324526898885, 0.1938637412474655, 0.15307229854970011, 2.583511275654107, -425.30532728187933) 62 54
27 fsimplus(1.5311539799702192, 0.1391898314476297, -2.763585260599433, 1.787013777159948, -640.0716112923691) 64 56
27 fsimplus(1.6002257110471578, 0.21814435528489431, -0.3048946417226077, 3.9792724625862133, -263.73563958815487) 65 57
27 fsimplus(1.6067110165578595, 0.1588802142137154, -1.675664669249564, 0.8340356334835107, -1009.7589483158011) 66 58
27 fsimplus(1.5337457232679728, 0.19537137288078776, 2.7968751991702, 0.8043966936799776, 352.9819396607069) 67 59
27 fsimplus(1.5210404909664492, 0.19659620626415775, 0.5806885233210081, 1.685721546427834, -630.694268145276) 71 63
27 fsimplus(1.5438863525304347, 0.13801735271361198, 1.546310422578992, 4.781330210234603, 530.4343724328345) 77 69
27 fsimplus(1.534454403811332, 0.18354345726592225, 0.3044508799765593, 0.853774477762827, -961.3826890411073) 78 70
28 y_1_2 11
28 y_1_2 12
28 x_1_2 17
28 x_1_2 18
28 hz_1_2 19
28 y_1_2 20
28 y_1_2 25
28 y_1_2 26
28 hz_1_2 27
28 y_1_2 28
28 y_1_2 29
28 hz_1_2 31
28 y_1_2 32
28 x_1_2 33
28 hz_1_2 34
28 x_1_2 35
28 x_1_2 36
28 hz_1_2 37
28 hz_1_2 38
28 hz_1_2 39
28 x_1_2 40
28 y_1_2 41
28 x_1_2 42
28 x_1_2 43
28 y_1_2 44
28 x_1_2 45
28 hz_1_2 46
28 hz_1_2 47
28 y_1_2 48
28 hz_1_2 50
28 hz_1_2 51
28 x_1_2 53
28 x_1_2 54
28 y_1_2 55
28 hz_1_2 56
28 y_1_2 57
28 hz_1_2 58
28 hz_1_2 59
28 y_1_2 61
28 x_1_2 62
28 x_1_2 63
28 y_1_2 64
28 x_1_2 65
28 x_1_2 66
28 x_1_2 67
28 y_1_2 69
28 x_1_2 70
28 y_1_2 71
28 hz_1_2 72
28 hz_1_2 74
28 y_1_2 77
28 hz_1_2 78
28 x_1_2 79
29 fsimplus(1.5278535013211971, 0.11151795021458467, -2.1766053374228735, 3.1000008642291443, -513.3577655816188) 18 11
29 fsimplus(1.5531121624663105, 0.18363930522426564, 3.950931487801105, 0.5332164631350784, 462.4250222910043) 26 19
29 fsimplus(1.5709190706580292, 0.21180134827719568, 3.7833537148693352, 3.0210251237331245, 558.6932853775069) 32 25
29 fsimplus(1.4900361111801879, 0.12160496297638149, -0.40140414504390204, 1.5654249617863667, -984.2082768446502) 34 27
29 fsimplus(1.5234356309381858, 0.14480132922443714, 0.05768243135277495, 0.8795929706875367, 487.3163407149242) 35 28
29 fsimplus(1.5690025055126056, 0.1588039003910756, -4.211778349778334, 18.761384069568113, 438.15674364817573) 40 33
29 fsimplus(1.5262708285043902, 0.12889533375476828, 1.8282911101668708, 2.520791191025141, 385.61492670860406) 43 36
29 fsimplus(1.5000888045052045, 6.325286385756063, -1.8942627376662067, -1.0894152716673522, -1102.5447287807544) 45 38
29 fsimplus(1.5166626826087504, 0.18362331804371762, 3.395785819779469, -0.1612089838077514, -550.6572889247096) 46 39
29 fsimplus(1.5147232276288598, 0.1657559559348471, -3.214101774568703, 4.955720955012547, -1026.171174638558) 48 41
29 fsimplus(1.5688226398515772, 0.15083053299631016, 1.491168384732255, 7.846770779871771, 808.9993091170505) 51 44
29 fsimplus(1.4864508267273526, 0.20685485089898015, -2.6162454597665845, 1.326087480568765, 587.56607426438) 54 47
29 fsimplus(1.6511734327098777, 0.09992227004346986, 3.1329375344091144, -2.6656014438429105, 345.14888440041796) 57 50
29 fsimplus(1.6259338898955298, 0.12998642143197317, 0.6636237030388062, 0.12834771935176134, 662.2967055934721) 62 55
29 fsimplus(1.6651882823546544, 0.12698025195001958, 2.4922434620207734, -1.2366110082363109, 754.1874935076166) 63 56
29 fsimplus(1.5870680448373233, 0.14778421732114602, 3.1893361315471735, 3.1860111443954886, -721.7265255040127) 65 58
29 fsimplus(1.467686695984151, 0.1505223774378516, 3.1595584201419182, 1.2775730675103032, 185.86936913075118) 66 59
29 fsimplus(1.521139566126501, 0.14021863701580534, 1.3605182824948496, 1.0203931077942023, 763.7919163642663) 71 64
29 fsimplus(1.6191367637833147, 0.14008453878534644, 1.4118644601667583, -2.6140337825100577, 683.4076232322946) 74 67
29 fsimplus(1.6160765679924072, 0.13374910573268503, -0.38374219188495057, -0.6116087791115327, 413.0989439215729) 77 70
29 fsimplus(0.0005668938547013975, -0.032619750836490796, 0.042307424350188826, -0.037133053969347345, -1224.7082586243107) 79 72
30 x_1_2 11
30 x_1_2 12
30 y_1_2 17
30 hz_1_2 18
30 y_1_2 19
30 x_1_2 20
30 x_1_2 25
30 x_1_2 26
30 x_1_2 27
30 hz_1_2 28
30 hz_1_2 29
30 y_1_2 31
30 hz_1_2 32
30 hz_1_2 33
30 y_1_2 34
30 hz_1_2 35
30 hz_1_2 36
30 x_1_2 37
30 y_1_2 38
30 x_1_2 39
30 hz_1_2 40
30 x_1_2 41
30 hz_1_2 42
30 hz_1_2 43
30 x_1_2 44
30 hz_1_2 45
30 y_1_2 46
30 x_1_2 47
30 hz_1_2 48
30 x_1_2 50
30 x_1_2 51
30 y_1_2 53
30 y_1_2 54
30 x_1_2 55
30 x_1_2 56
30 hz_1_2 57
30 x_1_2 58
30 y_1_2 59
30 hz_1_2 61
30 y_1_2 62
30 hz_1_2 63
30 hz_1_2 64
30 hz_1_2 65
30 hz_1_2 66
30 y_1_2 67
30 x_1_2 69
30 y_1_2 70
30 x_1_2 71
30 x_1_2 72
30 y_1_2 74
30 hz_1_2 77
30 y_1_2 78
30 hz_1_2 79
31 fsimplus(1.6120750859763333, 0.11916446441337923, 3.088461893859465, -1.0762002733416318, -1151.0188975755402) 19 12
31 fsimplus(-0.006899958480421245, -0.0032898302509681903, 0.003819742315039824, -0.0049594250498427635, 664.074396837645) 25 18
31 fsimplus(1.578106304580318, 0.10912766482814805, 3.7508317877176895, -0.08171714041974495, 904.3312050340602) 27 20
31 fsimplus(1.5033512337072046, -6.122746850958034, 0.6689770234916688, 2.5224721952211233, -380.176441837889) 33 26
31 fsimplus(1.6765892936503888, -0.07722121070506241, -0.7501436870555455, 3.0135518656174534, -293.1744375182006) 36 29
31 fsimplus(1.5535845633211427, 0.2551479585816817, 1.1515297438109322, 0.8034637528773343, 720.0559772295891) 38 31
31 fsimplus(1.5495820138082381, 0.21478568341562196, -0.27178517290327964, -0.5520241307588011, 690.2028605093417) 39 32
31 fsimplus(1.5150620340962333, 0.16645577154633, 0.09839484057676263, -0.9179277248744068, 805.9320378643731) 41 34
31 fsimplus(1.632931585571834, 0.18137630148081518, 1.6071395197695935, 1.8651427926657058, -663.3036124641268) 42 35
31 fsimplus(1.524041951767269, 0.16720705392671842, 0.21313447069314592, -0.0563715042282891, -913.557728574797) 44 37
31 fsimplus(1.5221377122687567, 0.1506304035757886, 3.8110860400651294, 0.07564013767287131, 205.67935104077577) 47 40
31 fsimplus(1.6167908584192552, 0.19084164186228406, 4.139572214373988, 8.426885556648855, -336.38209398353484) 50 43
31 fsimplus(1.6190774990785346, 0.13947574484584227, 0.7514234402797888, 3.9121753939243877, -441.5656091512893) 53 46
31 fsimplus(1.6004705901156622, 0.15242184192564912, -1.0435707770953013, 2.1967979847300367, 611.6310490783093) 55 48
31 fsimplus(1.6166569801166977, 0.16268449704531937, 2.240653109895771, 1.0149786732553598, 997.5844847535013) 58 51
31 fsimplus(1.6738150257436675, 0.20067694025386443, 1.2407345187311052, -2.724901667929832, -1032.5718764830985) 61 54
31 fsimplus(1.5606064120184027, 0.14861718501286278, 3.337748102915106, -1.4250405936271378, -659.6289762686725) 64 57
31 fsimplus(1.6766832255794075, 0.12902856466695187, -0.38248755299690107, 1.9970357466835233, -670.8395533321167) 69 62
31 fsimplus(1.624758241788708, 0.14865154721404286, 1.3322522609107659, 0.7514592158135812, -767.4165927186484) 70 63
31 fsimplus(1.5159852704906789, 0.1888610064554085, 0.25377089369305417, 2.427070205309697, 757.0463823374118) 72 65
31 fsimplus(1.6411567672670497, 6.338629293639052, 1.3096415558068273, -5.865792953098693, -1142.381204951554) 78 71
32 y_1_2 11
32 hz_1_2 12
32 x_1_2 17
32 y_1_2 18
32 hz_1_2 19
32 hz_1_2 20
32 y_1_2 25
32 hz_1_2 26
32 y_1_2 27
32 y_1_2 28
32 y_1_2 29
32 hz_1_2 31
32 y_1_2 32
32 y_1_2 33
32 hz_1_2 34
32 x_1_2 35
32 x_1_2 36
32 y_1_2 37
32 hz_1_2 38
32 hz_1_2 39
32 y_1_2 40
32 y_1_2 41
32 x_1_2 42
32 x_1_2 43
32 hz_1_2 44
32 y_1_2 45
32 hz_1_2 46
32 hz_1_2 47
32 x_1_2 48
32 hz_1_2 50
32 y_1_2 51
32 x_1_2 53
32 x_1_2 54
32 hz_1_2 55
32 y_1_2 56
32 x_1_2 57
32 y_1_2 58
32 hz_1_2 59
32 y_1_2 61
32 x_1_2 62
32 y_1_2 63
32 y_1_2 64
32 x_1_2 65
32 x_1_2 66
32 hz_1_2 67
32 hz_1_2 69
32 hz_1_2 70
32 y_1_2 71
32 y_1_2 72
32 hz_1_2 74
32 y_1_2 77
32 hz_1_2 78
32 x_1_2 79
33 fsimplus(1.5278535013211971, 0.11151795021458467, -2.1766053374228735, 3.1000008642291443, -582.1586446952352) 18 11
33 fsimplus(1.5531121624663105, 0.18363930522426564, 3.950931487801105, 0.5332164631350784, 523.887140965835) 26 19
33 fsimplus(1.5709190706580292, 0.21180134827719568, 3.7833537148693352, 3.0210251237331245, 632.9982348202126) 32 25
33 fsimplus(1.4900361111801879, 0.12160496297638149, -0.40140414504390204, 1.5654249617863667, -1115.3886196879453) 34 27
33 fsimplus(1.5234356309381858, 0.14480132922443714, 0.05768243135277495, 0.8795929706875367, 552.4478396091478) 35 28
33 fsimplus(1.5690025055126056, 0.1588039003910756, -4.211778349778334, 18.761384069568113, 496.8668271584617) 40 33
33 fsimplus(1.5262708285043902, 0.12889533375476828, 1.8282911101668708, 2.520791191025141, 436.9862497801044) 43 36
33 fsimplus(1.5000888045052045, 6.325286385756063, -1.8942627376662067, -1.0894152716673522, -1249.3199375564695) 45 38
33 fsimplus(1.5166626826087504, 0.18362331804371762, 3.395785819779469, -0.1612089838077514, -624.1232117261293) 46 39
33 fsimplus(1.5147232276288598, 0.1657559559348471, -3.214101774568703, 4.955720955012547, -1163.3096272825342) 48 41
33 fsimplus(1.5688226398515772, 0.15083053299631016, 1.491168384732255, 7.846770779871771, 917.2460255891405) 51 44
33 fsimplus(1.4864508267273526, 0.20685485089898015, -2.6162454597665845, 1.326087480568765, 665.5404039264786) 54 47
33 fsimplus(1.6511734327098777, 0.09992227004346986, 3.1329375344091144, -2.6656014438429105, 391.0161371428289) 57 50
33 fsimplus(1.6259338898955298, 0.12998642143197317, 0.6636237030388062, 0.12834771935176134, 750.1324945951891) 62 55
33 fsimplus(1.6651882823546544, 0.12698025195001958, 2.4922434620207734, -1.2366110082363109, 854.6367770134966) 63 56
33 fsimplus(1.5870680448373233, 0.14778421732114602, 3.1893361315471735, 3.1860111443954886, -818.0477562630756) 65 58
33 fsimplus(1.467686695984151, 0.1505223774378516, 3.1595584201419182, 1.2775730675103032, 210.63768561165313) 66 59
33 fsimplus(1.521139566126501, 0.14021863701580534, 1.3605182824948496, 1.0203931077942023, 865.6172174524186) 71 64
33 fsimplus(1.6191367637833147, 0.14008453878534644, 1.4118644601667583, -2.6140337825100577, 774.2247836622682) 74 67
33 fsimplus(1.6160765679924072, 0.13374910573268503, -0.38374219188495057, -0.6116087791115327, 468.1396472124661) 77 70
33 fsimplus(0.0005668938547013975, -0.032619750836490796, 0.042307424350188826, -0.037133053969347345, -1388.913023442142) 79 72
34 hz_1_2 11
34 y_1_2 12
34 hz_1_2 17
34 x_1_2 18
34 x_1_2 19
34 x_1_2 20
34 hz_1_2 25
34 y_1_2 26
34 x_1_2 27
34 hz_1_2 28
34 x_1_2 29
34 y_1_2 31
34 hz_1_2 32
34 hz_1_2 33
34 x_1_2 34
34 hz_1_2 35
34 y_1_2 36
34 hz_1_2 37
34 x_1_2 38
34 x_1_2 39
34 x_1_2 40
34 hz_1_2 41
34 hz_1_2 42
34 hz_1_2 43
34 y_1_2 44
34 x_1_2 45
34 y_1_2 46
34 x_1_2 47
34 y_1_2 48
34 y_1_2 50
34 hz_1_2 51
34 hz_1_2 53
34 y_1_2 54
34 x_1_2 55
34 hz_1_2 56
34 y_1_2 57
34 hz_1_2 58
34 y_1_2 59
34 x_1_2 61
34 hz_1_2 62
34 x_1_2 63
34 x_1_2 64
34 hz_1_2 65
34 hz_1_2 66
34 x_1_2 67
34 y_1_2 69
34 y_1_2 70
34 hz_1_2 71
34 x_1_2 72
34 y_1_2 74
34 x_1_2 77
34 x_1_2 78
34 hz_1_2 79
35 fsimplus(1.6120750859763333, 0.11916446441337923, 3.088461893859465, -1.0762002733416318, -1295.0420711867107) 19 12
35 fsimplus(-0.006899958480421245, -0.0032898302509681903, 0.003819742315039824, -0.0049594250498427635, 746.6354517739848) 25 18
35 fsimplus(1.578106304580318, 0.10912766482814805, 3.7508317877176895, -0.08171714041974495, 1017.1646467803912) 27 20
35 fsimplus(1.5033512337072046, -6.122746850958034, 0.6689770234916688, 2.5224721952211233, -427.87838468999644) 33 26
35 fsimplus(1.6765892936503888, -0.07722121070506241, -0.7501436870555455, 3.0135518656174534, -329.8682397121294) 36 29
35 fsimplus(1.5535845633211427, 0.2551479585816817, 1.1515297438109322, 0.8034637528773343, 809.9557926047146) 38 31
35 fsimplus(1.5495820138082381, 0.21478568341562196, -0.27178517290327964, -0.5520241307588011, 776.5116140786364) 39 32
35 fsimplus(1.5150620340962333, 0.16645577154633, 0.09839484057676263, -0.9179277248744068, 906.3766883144203) 41 34
35 fsimplus(1.632931585571834, 0.18137630148081518, 1.6071395197695935, 1.8651427926657058, -745.8646674004665) 42 35
35 fsimplus(1.524041951767269, 0.16720705392671842, 0.21313447069314592, -0.0563715042282891, -1028.2258604308245) 44 37
35 fsimplus(1.5221377122687567, 0.1506304035757886, 3.8110860400651294, 0.07564013767287131, 231.36501257652594) 47 40
35 fsimplus(1.6167908584192552, 0.19084164186228406, 4.139572214373988, 8.426885556648855, -378.5799665065529) 50 43
35 fsimplus(1.6190774990785346, 0.13947574484584227, 0.7514234402797888, 3.9121753939243877, -496.6063124421824) 53 46
35 fsimplus(1.6004705901156622, 0.15242184192564912, -1.0435707770953013, 2.1967979847300367, 687.7706886307114) 55 48
35 fsimplus(1.6166569801166977, 0.16268449704531937, 2.240653109895771, 1.0149786732553598, 1122.3434122128592) 58 51
35 fsimplus(1.6738150257436675, 0.20067694025386443, 1.2407345187311052, -2.724901667929832, -1161.9175292166976) 61 54
35 fsimplus(1.5606064120184027, 0.14861718501286278, 3.337748102915106, -1.4250405936271378, -742.1900312050122) 64 57
35 fsimplus(1.6766832255794075, 0.12902856466695187, -0.38248755299690107, 1.9970357466835233, -755.0059621144408) 69 62
35 fsimplus(1.624758241788708, 0.14865154721404286, 1.3322522609107659, 0.7514592158135812, -863.2791509502874) 70 63
35 fsimplus(1.5159852704906789, 0.1888610064554085, 0.25377089369305417, 2.427070205309697, 851.5329229867784) 72 65
35 fsimplus(1.6411567672670497, 6.338629293639052, 1.3096415558068273, -5.865792953098693, -1285.4870335078765) 78 71
36 y_1_2 11
36 x_1_2 12
36 x_1_2 17
36 y_1_2 18
36 hz_1_2 19
36 hz_1_2 20
36 y_1_2 25
36 x_1_2 26
36 y_1_2 27
36 x_1_2 28
36 y_1_2 29
36 x_1_2 31
36 x_1_2 32
36 y_1_2 33
36 hz_1_2 34
36 y_1_2 35
36 hz_1_2 36
36 x_1_2 37
36 y_1_2 38
36 hz_1_2 39
36 hz_1_2 40
36 x_1_2 41
36 y_1_2 42
36 x_1_2 43
36 hz_1_2 44
36 y_1_2 45
36 hz_1_2 46
36 hz_1_2 47
36 hz_1_2 48
36 hz_1_2 50
36 y_1_2 51
36 y_1_2 53
36 hz_1_2 54
36 hz_1_2 55
36 x_1_2 56
36 hz_1_2 57
36 y_1_2 58
36 hz_1_2 59
36 y_1_2 61
36 x_1_2 62
36 y_1_2 63
36 hz_1_2 64
36 y_1_2 65
36 x_1_2 66
36 hz_1_2 67
36 x_1_2 69
36 x_1_2 70
36 y_1_2 71
36 y_1_2 72
36 hz_1_2 74
36 hz_1_2 77
36 y_1_2 78
36 y_1_2 79
37 fsimplus(1.6017240526487753, 0.14667806471393785, -0.4398762548413339, 1.9261015321310389, 348.6165370848156) 25 17
37 fsimplus(1.5531585755590132, 0.18897982377505623, -3.217189150123622, 0.2145859825825397, 960.845961092635) 26 18
37 fsimplus(1.6145778291705837, 0.17390037364565972, -1.3741215850310304, 5.286416638011127, 1133.7054999111) 27 19
37 fsimplus(1.5408637047522231, 0.19197496630633007, 1.386719970492691, 0.7385546954251792, 690.2445095406633) 28 20
37 fsimplus(1.5063963703659986, 6.393412828458584, 1.291409863932367, -2.4770192136811726, -429.37496599922093) 40 32
37 fsimplus(1.5246930910022933, 0.17829805988072592, -1.0986557769161083, 3.67057701188262, 709.4349131050777) 41 33
37 fsimplus(1.6306085977892364, 0.15538864365526672, -3.1565244083491732, -0.2783240475185382, 699.564718973452) 42 34
37 fsimplus(1.5357160503300151, 0.1564642807253738, 0.22466768792201408, 0.159415343363965, -1036.924151686421) 43 35
37 fsimplus(0.0025940794571831013, -0.00349135389888416, -1.351101055605882, 1.317944592909587, -1124.0388270326964) 44 36
37 fsimplus(1.4735823746830525, 0.20095958071498587, -1.3528339257917863, 1.263142999767304, 454.03943768252185) 53 45
37 fsimplus(1.6316137700298223, 0.18150797933820273, -1.090202613096634, 0.9656540432283978, 436.3945104364336) 54 46
37 fsimplus(1.5913366853117483, 0.1558711171924429, 0.2568799957339146, 1.210461446226561, 917.4933400646396) 56 48
37 fsimplus(1.4917444833643243, 0.18061200284926565, -0.7788250954000837, 1.0836502494721123, 993.4504311049691) 58 50
37 fsimplus(1.5974082069402498, 0.14683404844966463, 0.32819197987657256, -0.1302637501530639, -417.51847331894083) 59 51
37 fsimplus(1.518236310016791, 0.14170083723616908, -1.6953469230502565, 2.3072240568759312, 1145.8876535649683) 63 55
37 fsimplus(1.501595887625406, 0.12170275475969809, 3.255775777668889, 0.35880105305229903, -148.21652435905597) 69 61
37 fsimplus(1.5809147926780212, 0.16525210330680992, -0.8446747793687615, 1.012418472166436, -599.572486887433) 70 62
37 fsimplus(1.6424100106553634, 0.17551876776923966, -2.8420012108339026, 1.9843689564688334, 1322.6557555382474) 72 64
37 fsimplus(1.6300847087695813, 0.15024307926444075, -0.2124408933309762, -0.362447887553253, 1110.1699632669333) 74 66
37 fsimplus(1.6413623062759286, 0.21375929439770588, 1.1727554763600971, -3.2877425674463, -1200.4982575442184) 79 71
38 hz_1_2 11
38 hz_1_2 12
38 hz_1_2 17
38 x_1_2 18
38 x_1_2 19
38 y_1_2 20
38 hz_1_2 25
38 y_1_2 26
38 x_1_2 27
38 hz_1_2 28
38 hz_1_2 29
38 hz_1_2 31
38 y_1_2 32
38 hz_1_2 33
38 y_1_2 34
38 x_1_2 35
38 y_1_2 36
38 y_1_2 37
38 x_1_2 38
38 x_1_2 39
38 x_1_2 40
38 y_1_2 41
38 hz_1_2 42
38 y_1_2 43
38 x_1_2 44
38 x_1_2 45
38 x_1_2 46
38 x_1_2 47
38 x_1_2 48
38 x_1_2 50
38 x_1_2 51
38 hz_1_2 53
38 y_1_2 54
38 x_1_2 55
38 y_1_2 56
38 x_1_2 57
38 x_1_2 58
38 y_1_2 59
38 hz_1_2 61
38 y_1_2 62
38 hz_1_2 63
38 y_1_2 64
38 hz_1_2 65
38 y_1_2 66
38 y_1_2 67
38 y_1_2 69
38 hz_1_2 70
38 hz_1_2 71
38 hz_1_2 72
38 y_1_2 74
38 y_1_2 77
38 hz_1_2 78
38 x_1_2 79
39 fsimplus(1.5209647574800056, 0.14342174003687944, 0.19632525686699134, -0.2665924948477698, -290.1993632030463) 19 11
39 fsimplus(1.6392611356346756, 0.19141224571848994, 1.5297335268490482, 0.5709062386682199, -1375.6154125504145) 20 12
39 fsimplus(1.606609700082454, 0.2051196526912861, -0.864626036426472, 2.094423840086801, -292.7208669408954) 33 25
39 fsimplus(1.594888335558269, 0.17289102938810194, 1.4405751641060276, -3.5347561991014995, -731.6656831879039) 34 26
39 fsimplus(1.4763564497482045, 0.25922139925587795, 1.7559590351820904, 0.8411094656202094, 247.28668997065887) 35 27
39 fsimplus(1.482100202262001, 0.06845569012937877, -2.5146187156740667, 1.9916772461219154, -951.1860793698825) 36 28
39 fsimplus(1.4260053121030516, -0.2906399672887316, 2.746138537938476, 2.1860859944493645, -413.42735679734267) 37 29
39 fsimplus(1.6023723700447365, 0.10777769376978247, -4.585059966973687, 6.070996089599565, -441.9368726402147) 46 38
39 fsimplus(1.5146414339661753, 0.17812216265997008, -2.1039185586402724, 1.304961603461524, -1208.7457408057735) 48 40
39 fsimplus(1.4644250143246684, 6.405307556878569, 1.9761847763385982, -3.321480721210398, -689.344916651727) 50 42
39 fsimplus(1.6696630411349949, 0.15217907958130267, 0.5035873018188195, -1.7455629070030667, -621.6859961000528) 51 43
39 fsimplus(1.5889691084038247, 0.12218328076516591, -1.7911665272429165, 9.615698259565486, -708.2213872523498) 55 47
39 fsimplus(1.512740450439378, 6.426498949622999, 1.5579319870823514, -0.2156815217334324, -286.6386687569584) 61 53
39 fsimplus(1.5381324526898885, 0.1938637412474655, 0.15307229854970011, 2.583511275654107, -607.6276569329627) 62 54
39 fsimplus(1.5311539799702192, 0.1391898314476297, -2.763585260599433, 1.787013777159948, -915.2751277468349) 64 56
39 fsimplus(1.6002257110471578, 0.21814435528489431, -0.3048946417226077, 3.9792724625862133, -376.5690813344858) 65 57
39 fsimplus(1.6067110165578595, 0.1588802142137154, -1.675664669249564, 0.8340356334835107, -1441.8284691493125) 66 58
39 fsimplus(1.5337457232679728, 0.19537137288078776, 2.7968751991702, 0.8043966936799776, 504.34387371066305) 67 59
39 fsimplus(1.5210404909664492, 0.19659620626415775, 0.5806885233210081, 1.685721546427834, -901.7697318529248) 71 63
39 fsimplus(1.5438863525304347, 0.13801735271361198, 1.546310422578992, 4.781330210234603, 758.853291090041) 77 69
39 fsimplus(1.534454403811332, 0.18354345726592225, 0.3044508799765593, 0.853774477762827, -1374.187963722806) 78 70
40 x_1_2 11
40 y_1_2 12
40 x_1_2 17
40 y_1_2 18
40 y_1_2 19
40 hz_1_2 20
40 y_1_2 25
40 x_1_2 26
40 y_1_2 27
40 y_1_2 28
40 y_1_2 29
40 x_1_2 31
40 x_1_2 32
40 x_1_2 33
40 x_1_2 34
40 hz_1_2 35
40 x_1_2 36
40 hz_1_2 37
40 hz_1_2 38
40 hz_1_2 39
40 y_1_2 40
40 hz_1_2 41
40 x_1_2 42
40 x_1_2 43
40 y_1_2 44
40 y_1_2 45
40 y_1_2 46
40 hz_1_2 47
40 y_1_2 48
40 y_1_2 50
40 hz_1_2 51
40 x_1_2 53
40 x_1_2 54
40 hz_1_2 55
40 x_1_2 56
40 y_1_2 57
40 y_1_2 58
40 x_1_2 59
40 x_1_2 61
40 hz_1_2 62
40 y_1_2 63
40 x_1_2 64
40 y_1_2 65
40 x_1_2 66
40 x_1_2 67
40 x_1_2 69
40 y_1_2 70
40 y_1_2 71
40 x_1_2 72
40 hz_1_2 74
40 x_1_2 77
40 x_1_2 78
40 y_1_2 79