The files are different.

Line 55 differs:
  File1: 1 fsimplus(1.5278535013211971, 0.11151795021458467, -2.1766053374228735, 3.1000008642291443, -31.751611786303545) 18 11
  File2: 1 fsimplus(1.5707963267948966, 0.5235987755982988, 0, 0, 0) 11 18

Line 56 differs:
  File1: 1 fsimplus(1.5531121624663105, 0.18363930522426564, 3.950931487801105, 0.5332164631350784, 32.19019156718938) 26 19
  File2: 1 fsimplus(1.5707963267948966, 0.5235987755982988, 0, 0, 0) 19 26

Line 57 differs:
  File1: 1 fsimplus(1.5709190706580292, 0.21180134827719568, 3.7833537148693352, 3.0210251237331245, 38.55863927856643) 32 25
  File2: 1 fsimplus(1.5707963267948966, 0.5235987755982988, 0, 0, 0) 25 32

Line 58 differs:
  File1: 1 fsimplus(1.4900361111801879, 0.12160496297638149, -0.40140414504390204, 1.5654249617863667, -65.9458769415824) 34 27
  File2: 1 fsimplus(1.5707963267948966, 0.5235987755982988, 0, 0, 0) 27 34

Line 59 differs:
  File1: 1 fsimplus(1.5234356309381858, 0.14480132922443714, 0.05768243135277495, 0.8795929706875367, 31.395848455359104) 35 28
  File2: 1 fsimplus(1.5707963267948966, 0.5235987755982988, 0, 0, 0) 28 35

Line 60 differs:
  File1: 1 fsimplus(1.5690025055126056, 0.1588039003910756, -4.211778349778334, 18.761384069568113, 27.186159076173375) 40 33
  File2: 1 fsimplus(1.5707963267948966, 0.5235987755982988, 0, 0, 0) 33 40

Line 61 differs:
  File1: 1 fsimplus(1.5262708285043902, 0.12889533375476828, 1.8282911101668708, 2.520791191025141, 26.01566520810206) 43 36
  File2: 1 fsimplus(1.5707963267948966, 0.5235987755982988, 0, 0, 0) 36 43

Line 62 differs:
  File1: 1 fsimplus(1.5000888045052045, 6.325286385756063, -1.8942627376662067, -1.0894152716673522, -75.1182673507487) 45 38
  File2: 1 fsimplus(1.5707963267948966, 0.5235987755982988, 0, 0, 0) 38 45

Line 63 differs:
  File1: 1 fsimplus(1.5166626826087504, 0.18362331804371762, 3.395785819779469, -0.1612089838077514, -36.3958293147717) 46 39
  File2: 1 fsimplus(1.5707963267948966, 0.5235987755982988, 0, 0, 0) 39 46

Line 64 differs:
  File1: 1 fsimplus(1.5147232276288598, 0.1657559559348471, -3.214101774568703, 4.955720955012547, -66.20200613072542) 48 41
  File2: 1 fsimplus(1.5707963267948966, 0.5235987755982988, 0, 0, 0) 41 48

Line 65 differs:
  File1: 1 fsimplus(1.5688226398515772, 0.15083053299631016, 1.491168384732255, 7.846770779871771, 51.27229381242121) 51 44
  File2: 1 fsimplus(1.5707963267948966, 0.5235987755982988, 0, 0, 0) 44 51

Line 66 differs:
  File1: 1 fsimplus(1.4864508267273526, 0.20685485089898015, -2.6162454597665845, 1.326087480568765, 41.74576662968941) 54 47
  File2: 1 fsimplus(1.5707963267948966, 0.5235987755982988, 0, 0, 0) 47 54

Line 67 differs:
  File1: 1 fsimplus(1.6511734327098777, 0.09992227004346986, 3.1329375344091144, -2.6656014438429105, 24.078115203541145) 57 50
  File2: 1 fsimplus(1.5707963267948966, 0.5235987755982988, 0, 0, 0) 50 57

Line 68 differs:
  File1: 1 fsimplus(1.6259338898955298, 0.12998642143197317, 0.6636237030388062, 0.12834771935176134, 47.44618258145307) 62 55
  File2: 1 fsimplus(1.5707963267948966, 0.5235987755982988, 0, 0, 0) 55 62

Line 69 differs:
  File1: 1 fsimplus(1.6651882823546544, 0.12698025195001958, 2.4922434620207734, -1.2366110082363109, 51.04250896645642) 63 56
  File2: 1 fsimplus(1.5707963267948966, 0.5235987755982988, 0, 0, 0) 56 63

Line 70 differs:
  File1: 1 fsimplus(1.5870680448373233, 0.14778421732114602, 3.1893361315471735, 3.1860111443954886, -47.47791019057134) 65 58
  File2: 1 fsimplus(1.5707963267948966, 0.5235987755982988, 0, 0, 0) 58 65

Line 71 differs:
  File1: 1 fsimplus(1.467686695984151, 0.1505223774378516, 3.1595584201419182, 1.2775730675103032, 12.491153764437692) 66 59
  File2: 1 fsimplus(1.5707963267948966, 0.5235987755982988, 0, 0, 0) 59 66

Line 72 differs:
  File1: 1 fsimplus(1.521139566126501, 0.14021863701580534, 1.3605182824948496, 1.0203931077942023, 51.014808747199694) 71 64
  File2: 1 fsimplus(1.5707963267948966, 0.5235987755982988, 0, 0, 0) 64 71

Line 73 differs:
  File1: 1 fsimplus(1.6191367637833147, 0.14008453878534644, 1.4118644601667583, -2.6140337825100577, 47.68750022247845) 74 67
  File2: 1 fsimplus(1.5707963267948966, 0.5235987755982988, 0, 0, 0) 67 74

Line 74 differs:
  File1: 1 fsimplus(1.6160765679924072, 0.13374910573268503, -0.38374219188495057, -0.6116087791115327, 27.814020885320755) 77 70
  File2: 1 fsimplus(1.5707963267948966, 0.5235987755982988, 0, 0, 0) 70 77

Line 75 differs:
  File1: 1 fsimplus(0.0005668938547013975, -0.032619750836490796, 0.042307424350188826, -0.037133053969347345, -75.27490489949182) 79 72
  File2: 1 fsimplus(1.5707963267948966, 0.5235987755982988, 0, 0, 0) 72 79

Line 129 differs:
  File1: 3 fsimplus(1.6120750859763333, 0.11916446441337923, 3.088461893859465, -1.0762002733416318, -142.85668229734705) 19 12
  File2: 3 fsimplus(1.5707963267948966, 0.5235987755982988, 0, 0, 0) 12 19

Line 130 differs:
  File1: 3 fsimplus(-0.006899958480421245, -0.0032898302509681903, 0.003819742315039824, -0.0049594250498427635, 86.14701228326678) 25 18
  File2: 3 fsimplus(1.5707963267948966, 0.5235987755982988, 0, 0, 0) 18 25

Line 131 differs:
  File1: 3 fsimplus(1.578106304580318, 0.10912766482814805, 3.7508317877176895, -0.08171714041974495, 114.49711280974317) 27 20
  File2: 3 fsimplus(1.5707963267948966, 0.5235987755982988, 0, 0, 0) 20 27

Line 132 differs:
  File1: 3 fsimplus(1.5033512337072046, -6.122746850958034, 0.6689770234916688, 2.5224721952211233, -46.26284187313715) 33 26
  File2: 3 fsimplus(1.5707963267948966, 0.5235987755982988, 0, 0, 0) 26 33

Line 133 differs:
  File1: 3 fsimplus(1.6765892936503888, -0.07722121070506241, -0.7501436870555455, 3.0135518656174534, -36.3178221606992) 36 29
  File2: 3 fsimplus(1.5707963267948966, 0.5235987755982988, 0, 0, 0) 29 36

Line 134 differs:
  File1: 3 fsimplus(1.5535845633211427, 0.2551479585816817, 1.1515297438109322, 0.8034637528773343, 90.7572696037105) 38 31
  File2: 3 fsimplus(1.5707963267948966, 0.5235987755982988, 0, 0, 0) 31 38

Line 135 differs:
  File1: 3 fsimplus(1.5495820138082381, 0.21478568341562196, -0.27178517290327964, -0.5520241307588011, 86.0415855242783) 39 32
  File2: 3 fsimplus(1.5707963267948966, 0.5235987755982988, 0, 0, 0) 32 39

Line 136 differs:
  File1: 3 fsimplus(1.5150620340962333, 0.16645577154633, 0.09839484057676263, -0.9179277248744068, 102.81948471404174) 41 34
  File2: 3 fsimplus(1.5707963267948966, 0.5235987755982988, 0, 0, 0) 34 41

Line 137 differs:
  File1: 3 fsimplus(1.632931585571834, 0.18137630148081518, 1.6071395197695935, 1.8651427926657058, -85.37622790974845) 42 35
  File2: 3 fsimplus(1.5707963267948966, 0.5235987755982988, 0, 0, 0) 35 42

Line 138 differs:
  File1: 3 fsimplus(1.524041951767269, 0.16720705392671842, 0.21313447069314592, -0.0563715042282891, -110.88080558260502) 44 37
  File2: 3 fsimplus(1.5707963267948966, 0.5235987755982988, 0, 0, 0) 37 44

Line 139 differs:
  File1: 3 fsimplus(1.5221377122687567, 0.1506304035757886, 3.8110860400651294, 0.07564013767287131, 25.879720290524784) 47 40
  File2: 3 fsimplus(1.5707963267948966, 0.5235987755982988, 0, 0, 0) 40 47

Line 140 differs:
  File1: 3 fsimplus(1.6167908584192552, 0.19084164186228406, 4.139572214373988, 8.426885556648855, -40.99698632240816) 50 43
  File2: 3 fsimplus(1.5707963267948966, 0.5235987755982988, 0, 0, 0) 43 50

Line 141 differs:
  File1: 3 fsimplus(1.6190774990785346, 0.13947574484584227, 0.7514234402797888, 3.9121753939243877, -56.28068611503709) 53 46
  File2: 3 fsimplus(1.5707963267948966, 0.5235987755982988, 0, 0, 0) 46 53

Line 142 differs:
  File1: 3 fsimplus(1.6004705901156622, 0.15242184192564912, -1.0435707770953013, 2.1967979847300367, 78.65357221149375) 55 48
  File2: 3 fsimplus(1.5707963267948966, 0.5235987755982988, 0, 0, 0) 48 55

Line 143 differs:
  File1: 3 fsimplus(1.6166569801166977, 0.16268449704531937, 2.240653109895771, 1.0149786732553598, 124.27199253799641) 58 51
  File2: 3 fsimplus(1.5707963267948966, 0.5235987755982988, 0, 0, 0) 51 58

Line 144 differs:
  File1: 3 fsimplus(1.6738150257436675, 0.20067694025386443, 1.2407345187311052, -2.724901667929832, -127.15230734790592) 61 54
  File2: 3 fsimplus(1.5707963267948966, 0.5235987755982988, 0, 0, 0) 54 61

Line 145 differs:
  File1: 3 fsimplus(1.5606064120184027, 0.14861718501286278, 3.337748102915106, -1.4250405936271378, -81.70159171429425) 64 57
  File2: 3 fsimplus(1.5707963267948966, 0.5235987755982988, 0, 0, 0) 57 64

Line 146 differs:
  File1: 3 fsimplus(1.6766832255794075, 0.12902856466695187, -0.38248755299690107, 1.9970357466835233, -81.6746918558477) 69 62
  File2: 3 fsimplus(1.5707963267948966, 0.5235987755982988, 0, 0, 0) 62 69

Line 147 differs:
  File1: 3 fsimplus(1.624758241788708, 0.14865154721404286, 1.3322522609107659, 0.7514592158135812, -96.37868509717593) 70 63
  File2: 3 fsimplus(1.5707963267948966, 0.5235987755982988, 0, 0, 0) 63 70

Line 148 differs:
  File1: 3 fsimplus(1.5159852704906789, 0.1888610064554085, 0.25377089369305417, 2.427070205309697, 95.64059779184561) 72 65
  File2: 3 fsimplus(1.5707963267948966, 0.5235987755982988, 0, 0, 0) 65 72

Line 149 differs:
  File1: 3 fsimplus(1.6411567672670497, 6.338629293639052, 1.3096415558068273, -5.865792953098693, -140.6404050572987) 78 71
  File2: 3 fsimplus(1.5707963267948966, 0.5235987755982988, 0, 0, 0) 71 78

Line 203 differs:
  File1: 5 fsimplus(1.6017240526487753, 0.14667806471393785, -0.4398762548413339, 1.9261015321310389, 55.06611953338541) 25 17
  File2: 5 fsimplus(1.5707963267948966, 0.5235987755982988, 0, 0, 0) 17 25

Line 204 differs:
  File1: 5 fsimplus(1.5531585755590132, 0.18897982377505623, -3.217189150123622, 0.2145859825825397, 153.58231282620198) 26 18
  File2: 5 fsimplus(1.5707963267948966, 0.5235987755982988, 0, 0, 0) 18 26

Line 205 differs:
  File1: 5 fsimplus(1.6145778291705837, 0.17390037364565972, -1.3741215850310304, 5.286416638011127, 179.66664286895198) 27 19
  File2: 5 fsimplus(1.5707963267948966, 0.5235987755982988, 0, 0, 0) 19 27

Line 206 differs:
  File1: 5 fsimplus(1.5408637047522231, 0.19197496630633007, 1.386719970492691, 0.7385546954251792, 110.4824348765887) 28 20
  File2: 5 fsimplus(1.5707963267948966, 0.5235987755982988, 0, 0, 0) 20 28

Line 207 differs:
  File1: 5 fsimplus(1.5063963703659986, 6.393412828458584, 1.291409863932367, -2.4770192136811726, -69.77570449871891) 40 32
  File2: 5 fsimplus(1.5707963267948966, 0.5235987755982988, 0, 0, 0) 32 40

Line 208 differs:
  File1: 5 fsimplus(1.5246930910022933, 0.17829805988072592, -1.0986557769161083, 3.67057701188262, 111.36300179070031) 41 33
  File2: 5 fsimplus(1.5707963267948966, 0.5235987755982988, 0, 0, 0) 33 41

Line 209 differs:
  File1: 5 fsimplus(1.6306085977892364, 0.15538864365526672, -3.1565244083491732, -0.2783240475185382, 112.46388387059169) 42 34
  File2: 5 fsimplus(1.5707963267948966, 0.5235987755982988, 0, 0, 0) 34 42

Line 210 differs:
  File1: 5 fsimplus(1.5357160503300151, 0.1564642807253738, 0.22466768792201408, 0.159415343363965, -163.6116594709163) 43 35
  File2: 5 fsimplus(1.5707963267948966, 0.5235987755982988, 0, 0, 0) 35 43

Line 211 differs:
  File1: 5 fsimplus(0.0025940794571831013, -0.00349135389888416, -1.351101055605882, 1.317944592909587, -169.99996999054835) 44 36
  File2: 5 fsimplus(1.5707963267948966, 0.5235987755982988, 0, 0, 0) 36 44

Line 212 differs:
  File1: 5 fsimplus(1.4735823746830525, 0.20095958071498587, -1.3528339257917863, 1.263142999767304, 72.42389486566253) 53 45
  File2: 5 fsimplus(1.5707963267948966, 0.5235987755982988, 0, 0, 0) 45 53

Line 213 differs:
  File1: 5 fsimplus(1.6316137700298223, 0.18150797933820273, -1.090202613096634, 0.9656540432283978, 69.45648849714584) 54 46
  File2: 5 fsimplus(1.5707963267948966, 0.5235987755982988, 0, 0, 0) 46 54

Line 214 differs:
  File1: 5 fsimplus(1.5913366853117483, 0.1558711171924429, 0.2568799957339146, 1.210461446226561, 146.92349399213523) 56 48
  File2: 5 fsimplus(1.5707963267948966, 0.5235987755982988, 0, 0, 0) 48 56

Line 215 differs:
  File1: 5 fsimplus(1.4917444833643243, 0.18061200284926565, -0.7788250954000837, 1.0836502494721123, 156.8317410833931) 58 50
  File2: 5 fsimplus(1.5707963267948966, 0.5235987755982988, 0, 0, 0) 50 58

Line 216 differs:
  File1: 5 fsimplus(1.5974082069402498, 0.14683404844966463, 0.32819197987657256, -0.1302637501530639, -65.2579722572246) 59 51
  File2: 5 fsimplus(1.5707963267948966, 0.5235987755982988, 0, 0, 0) 51 59

Line 217 differs:
  File1: 5 fsimplus(1.518236310016791, 0.14170083723616908, -1.6953469230502565, 2.3072240568759312, 180.84065586464146) 63 55
  File2: 5 fsimplus(1.5707963267948966, 0.5235987755982988, 0, 0, 0) 55 63

Line 218 differs:
  File1: 5 fsimplus(1.501595887625406, 0.12170275475969809, 3.255775777668889, 0.35880105305229903, -23.45759689969812) 69 61
  File2: 5 fsimplus(1.5707963267948966, 0.5235987755982988, 0, 0, 0) 61 69

Line 219 differs:
  File1: 5 fsimplus(1.5809147926780212, 0.16525210330680992, -0.8446747793687615, 1.012418472166436, -95.03270672091226) 70 62
  File2: 5 fsimplus(1.5707963267948966, 0.5235987755982988, 0, 0, 0) 62 70

Line 220 differs:
  File1: 5 fsimplus(1.6424100106553634, 0.17551876776923966, -2.8420012108339026, 1.9843689564688334, 207.1641688428125) 72 64
  File2: 5 fsimplus(1.5707963267948966, 0.5235987755982988, 0, 0, 0) 64 72

Line 221 differs:
  File1: 5 fsimplus(1.6300847087695813, 0.15024307926444075, -0.2124408933309762, -0.362447887553253, 178.14738754114236) 74 66
  File2: 5 fsimplus(1.5707963267948966, 0.5235987755982988, 0, 0, 0) 66 74

Line 222 differs:
  File1: 5 fsimplus(1.6413623062759286, 0.21375929439770588, 1.1727554763600971, -3.2877425674463, -187.7493169917842) 79 71
  File2: 5 fsimplus(1.5707963267948966, 0.5235987755982988, 0, 0, 0) 71 79

Line 276 differs:
  File1: 7 fsimplus(1.5209647574800056, 0.14342174003687944, 0.19632525686699134, -0.2665924948477698, -55.35902916190215) 19 11
  File2: 7 fsimplus(1.5707963267948966, 0.5235987755982988, 0, 0, 0) 11 19

Line 277 differs:
  File1: 7 fsimplus(1.6392611356346756, 0.19141224571848994, 1.5297335268490482, 0.5709062386682199, -274.8013467325511) 20 12
  File2: 7 fsimplus(1.5707963267948966, 0.5235987755982988, 0, 0, 0) 12 20

Line 278 differs:
  File1: 7 fsimplus(1.606609700082454, 0.2051196526912861, -0.864626036426472, 2.094423840086801, -57.88053289975126) 33 25
  File2: 7 fsimplus(1.5707963267948966, 0.5235987755982988, 0, 0, 0) 25 33

Line 279 differs:
  File1: 7 fsimplus(1.594888335558269, 0.17289102938810194, 1.4405751641060276, -3.5347561991014995, -144.56484808504348) 34 26
  File2: 7 fsimplus(1.5707963267948966, 0.5235987755982988, 0, 0, 0) 26 34

Line 280 differs:
  File1: 7 fsimplus(1.4763564497482045, 0.25922139925587795, 1.7559590351820904, 0.8411094656202094, 49.14015812344347) 35 27
  File2: 7 fsimplus(1.5707963267948966, 0.5235987755982988, 0, 0, 0) 27 35

Line 281 differs:
  File1: 7 fsimplus(1.482100202262001, 0.06845569012937877, -2.5146187156740667, 1.9916772461219154, -187.95499373616394) 36 28
  File2: 7 fsimplus(1.5707963267948966, 0.5235987755982988, 0, 0, 0) 28 36

Line 282 differs:
  File1: 7 fsimplus(1.4260053121030516, -0.2906399672887316, 2.746138537938476, 2.1860859944493645, -83.18313705198369) 37 29
  File2: 7 fsimplus(1.5707963267948966, 0.5235987755982988, 0, 0, 0) 29 37

Line 283 differs:
  File1: 7 fsimplus(1.6023723700447365, 0.10777769376978247, -4.585059966973687, 6.070996089599565, -89.67637157849849) 46 38
  File2: 7 fsimplus(1.5707963267948966, 0.5235987755982988, 0, 0, 0) 38 46

Line 284 differs:
  File1: 7 fsimplus(1.5146414339661753, 0.17812216265997008, -2.1039185586402724, 1.304961603461524, -240.02936288605392) 48 40
  File2: 7 fsimplus(1.5707963267948966, 0.5235987755982988, 0, 0, 0) 40 48

Line 285 differs:
  File1: 7 fsimplus(1.4644250143246684, 6.405307556878569, 1.9761847763385982, -3.321480721210398, -138.9378837427953) 50 42
  File2: 7 fsimplus(1.5707963267948966, 0.5235987755982988, 0, 0, 0) 42 50

Line 286 differs:
  File1: 7 fsimplus(1.6696630411349949, 0.15217907958130267, 0.5035873018188195, -1.7455629070030667, -122.65028626262144) 51 43
  File2: 7 fsimplus(1.5707963267948966, 0.5235987755982988, 0, 0, 0) 43 51

Line 287 differs:
  File1: 7 fsimplus(1.5889691084038247, 0.12218328076516591, -1.7911665272429165, 9.615698259565486, -143.13683346584665) 55 47
  File2: 7 fsimplus(1.5707963267948966, 0.5235987755982988, 0, 0, 0) 47 55

Line 288 differs:
  File1: 7 fsimplus(1.512740450439378, 6.426498949622999, 1.5579319870823514, -0.2156815217334324, -59.137095154600054) 61 53
  File2: 7 fsimplus(1.5707963267948966, 0.5235987755982988, 0, 0, 0) 53 61

Line 289 differs:
  File1: 7 fsimplus(1.5381324526898885, 0.1938637412474655, 0.15307229854970011, 2.583511275654107, -121.4347778634066) 62 54
  File2: 7 fsimplus(1.5707963267948966, 0.5235987755982988, 0, 0, 0) 54 62

Line 290 differs:
  File1: 7 fsimplus(1.5311539799702192, 0.1391898314476297, -2.763585260599433, 1.787013777159948, -181.39908386825934) 64 56
  File2: 7 fsimplus(1.5707963267948966, 0.5235987755982988, 0, 0, 0) 56 64

Line 291 differs:
  File1: 7 fsimplus(1.6002257110471578, 0.21814435528489431, -0.3048946417226077, 3.9792724625862133, -75.67990334426989) 65 57
  File2: 7 fsimplus(1.5707963267948966, 0.5235987755982988, 0, 0, 0) 57 65

Line 292 differs:
  File1: 7 fsimplus(1.6067110165578595, 0.1588802142137154, -1.675664669249564, 0.8340356334835107, -289.6430802599489) 66 58
  File2: 7 fsimplus(1.5707963267948966, 0.5235987755982988, 0, 0, 0) 58 66

Line 293 differs:
  File1: 7 fsimplus(1.5337457232679728, 0.19537137288078776, 2.7968751991702, 0.8043966936799776, 100.71204957744655) 67 59
  File2: 7 fsimplus(1.5707963267948966, 0.5235987755982988, 0, 0, 0) 59 67

Line 294 differs:
  File1: 7 fsimplus(1.5210404909664492, 0.19659620626415775, 0.5806885233210081, 1.685721546427834, -178.901828632528) 71 63
  File2: 7 fsimplus(1.5707963267948966, 0.5235987755982988, 0, 0, 0) 63 71

Line 295 differs:
  File1: 7 fsimplus(1.5438863525304347, 0.13801735271361198, 1.546310422578992, 4.781330210234603, 149.73617467082337) 77 69
  File2: 7 fsimplus(1.5707963267948966, 0.5235987755982988, 0, 0, 0) 69 77

Line 296 differs:
  File1: 7 fsimplus(1.534454403811332, 0.18354345726592225, 0.3044508799765593, 0.853774477762827, -273.37389790494274) 78 70
  File2: 7 fsimplus(1.5707963267948966, 0.5235987755982988, 0, 0, 0) 70 78

Line 350 differs:
  File1: 9 fsimplus(1.6017240526487753, 0.14667806471393785, -0.4398762548413339, 1.9261015321310389, 91.75992172731418) 25 17
  File2: 9 fsimplus(1.5707963267948966, 0.5235987755982988, 0, 0, 0) 17 25

Line 351 differs:
  File1: 9 fsimplus(1.5531585755590132, 0.18897982377505623, -3.217189150123622, 0.2145859825825397, 254.4902688595061) 26 18
  File2: 9 fsimplus(1.5707963267948966, 0.5235987755982988, 0, 0, 0) 18 26

Line 352 differs:
  File1: 9 fsimplus(1.6145778291705837, 0.17390037364565972, -1.3741215850310304, 5.286416638011127, 298.92149999922054) 27 19
  File2: 9 fsimplus(1.5707963267948966, 0.5235987755982988, 0, 0, 0) 19 27

Line 353 differs:
  File1: 9 fsimplus(1.5408637047522231, 0.19197496630633007, 1.386719970492691, 0.7385546954251792, 182.95269420959804) 28 20
  File2: 9 fsimplus(1.5707963267948966, 0.5235987755982988, 0, 0, 0) 20 28

Line 354 differs:
  File1: 9 fsimplus(1.5063963703659986, 6.393412828458584, 1.291409863932367, -2.4770192136811726, -114.72561218628167) 40 32
  File2: 9 fsimplus(1.5707963267948966, 0.5235987755982988, 0, 0, 0) 32 40

Line 355 differs:
  File1: 9 fsimplus(1.5246930910022933, 0.17829805988072592, -1.0986557769161083, 3.67057701188262, 186.12199070499744) 41 33
  File2: 9 fsimplus(1.5707963267948966, 0.5235987755982988, 0, 0, 0) 33 41

Line 356 differs:
  File1: 9 fsimplus(1.6306085977892364, 0.15538864365526672, -3.1565244083491732, -0.2783240475185382, 185.85148825844922) 42 34
  File2: 9 fsimplus(1.5707963267948966, 0.5235987755982988, 0, 0, 0) 34 42

Line 357 differs:
  File1: 9 fsimplus(1.5357160503300151, 0.1564642807253738, 0.22466768792201408, 0.159415343363965, -272.7757209978545) 43 35
  File2: 9 fsimplus(1.5707963267948966, 0.5235987755982988, 0, 0, 0) 35 43

Line 358 differs:
  File1: 9 fsimplus(0.0025940794571831013, -0.00349135389888416, -1.351101055605882, 1.317944592909587, -289.25482712081686) 44 36
  File2: 9 fsimplus(1.5707963267948966, 0.5235987755982988, 0, 0, 0) 36 44

Line 359 differs:
  File1: 9 fsimplus(1.4735823746830525, 0.20095958071498587, -1.3528339257917863, 1.263142999767304, 120.12583771776994) 53 45
  File2: 9 fsimplus(1.5707963267948966, 0.5235987755982988, 0, 0, 0) 45 53

Line 360 differs:
  File1: 9 fsimplus(1.6316137700298223, 0.18150797933820273, -1.090202613096634, 0.9656540432283978, 115.3237412395568) 54 46
  File2: 9 fsimplus(1.5707963267948966, 0.5235987755982988, 0, 0, 0) 46 54

Line 361 differs:
  File1: 9 fsimplus(1.5913366853117483, 0.1558711171924429, 0.2568799957339146, 1.210461446226561, 243.24472475119828) 56 48
  File2: 9 fsimplus(1.5707963267948966, 0.5235987755982988, 0, 0, 0) 48 56

Line 362 differs:
  File1: 9 fsimplus(1.4917444833643243, 0.18061200284926565, -0.7788250954000837, 1.0836502494721123, 261.40907733609004) 58 50
  File2: 9 fsimplus(1.5707963267948966, 0.5235987755982988, 0, 0, 0) 50 58

Line 363 differs:
  File1: 9 fsimplus(1.5974082069402498, 0.14683404844966463, 0.32819197987657256, -0.1302637501530639, -109.29053488993912) 59 51
  File2: 9 fsimplus(1.5707963267948966, 0.5235987755982988, 0, 0, 0) 51 59

Line 364 differs:
  File1: 9 fsimplus(1.518236310016791, 0.14170083723616908, -1.6953469230502565, 2.3072240568759312, 301.47153057718236) 63 55
  File2: 9 fsimplus(1.5707963267948966, 0.5235987755982988, 0, 0, 0) 55 63

Line 365 differs:
  File1: 9 fsimplus(1.501595887625406, 0.12170275475969809, 3.255775777668889, 0.35880105305229903, -39.052462832117854) 69 61
  File2: 9 fsimplus(1.5707963267948966, 0.5235987755982988, 0, 0, 0) 61 69

Line 366 differs:
  File1: 9 fsimplus(1.5809147926780212, 0.16525210330680992, -0.8446747793687615, 1.012418472166436, -158.10017924172737) 70 62
  File2: 9 fsimplus(1.5707963267948966, 0.5235987755982988, 0, 0, 0) 62 70

Line 367 differs:
  File1: 9 fsimplus(1.6424100106553634, 0.17551876776923966, -2.8420012108339026, 1.9843689564688334, 346.60061717974185) 72 64
  File2: 9 fsimplus(1.5707963267948966, 0.5235987755982988, 0, 0, 0) 64 72

Line 368 differs:
  File1: 9 fsimplus(1.6300847087695813, 0.15024307926444075, -0.2124408933309762, -0.362447887553253, 294.6502095068662) 74 66
  File2: 9 fsimplus(1.5707963267948966, 0.5235987755982988, 0, 0, 0) 66 74

Line 369 differs:
  File1: 9 fsimplus(1.6413623062759286, 0.21375929439770588, 1.1727554763600971, -3.2877425674463, -314.34293456083844) 79 71
  File2: 9 fsimplus(1.5707963267948966, 0.5235987755982988, 0, 0, 0) 71 79

Line 423 differs:
  File1: 11 fsimplus(1.5209647574800056, 0.14342174003687944, 0.19632525686699134, -0.2665924948477698, -84.71407091704516) 19 11
  File2: 11 fsimplus(1.5707963267948966, 0.5235987755982988, 0, 0, 0) 11 19

Line 424 differs:
  File1: 11 fsimplus(1.6392611356346756, 0.19141224571848994, 1.5297335268490482, 0.5709062386682199, -412.40310495978406) 20 12
  File2: 11 fsimplus(1.5707963267948966, 0.5235987755982988, 0, 0, 0) 12 20

Line 425 differs:
  File1: 11 fsimplus(1.606609700082454, 0.2051196526912861, -0.864626036426472, 2.094423840086801, -87.23557465489428) 33 25
  File2: 11 fsimplus(1.5707963267948966, 0.5235987755982988, 0, 0, 0) 25 33

Line 426 differs:
  File1: 11 fsimplus(1.594888335558269, 0.17289102938810194, 1.4405751641060276, -3.5347561991014995, -217.95245247290103) 34 26
  File2: 11 fsimplus(1.5707963267948966, 0.5235987755982988, 0, 0, 0) 26 34

Line 427 differs:
  File1: 11 fsimplus(1.4763564497482045, 0.25922139925587795, 1.7559590351820904, 0.8411094656202094, 73.90847460434539) 35 27
  File2: 11 fsimplus(1.5707963267948966, 0.5235987755982988, 0, 0, 0) 27 35

Line 428 differs:
  File1: 11 fsimplus(1.482100202262001, 0.06845569012937877, -2.5146187156740667, 1.9916772461219154, -283.35887944037876) 36 28
  File2: 11 fsimplus(1.5707963267948966, 0.5235987755982988, 0, 0, 0) 28 36

Line 429 differs:
  File1: 11 fsimplus(1.4260053121030516, -0.2906399672887316, 2.746138537938476, 2.1860859944493645, -124.46366452015354) 37 29
  File2: 11 fsimplus(1.5707963267948966, 0.5235987755982988, 0, 0, 0) 29 37

Line 430 differs:
  File1: 11 fsimplus(1.6023723700447365, 0.10777769376978247, -4.585059966973687, 6.070996089599565, -133.70893421121298) 46 38
  File2: 11 fsimplus(1.5707963267948966, 0.5235987755982988, 0, 0, 0) 38 46

Line 431 differs:
  File1: 11 fsimplus(1.5146414339661753, 0.17812216265997008, -2.1039185586402724, 1.304961603461524, -361.1189101260188) 48 40
  File2: 11 fsimplus(1.5707963267948966, 0.5235987755982988, 0, 0, 0) 40 48

Line 432 differs:
  File1: 11 fsimplus(1.4644250143246684, 6.405307556878569, 1.9761847763385982, -3.321480721210398, -207.73876285641177) 50 42
  File2: 11 fsimplus(1.5707963267948966, 0.5235987755982988, 0, 0, 0) 42 50

Line 433 differs:
  File1: 11 fsimplus(1.6696630411349949, 0.15217907958130267, 0.5035873018188195, -1.7455629070030667, -185.02974999230034) 51 43
  File2: 11 fsimplus(1.5707963267948966, 0.5235987755982988, 0, 0, 0) 43 51

Line 434 differs:
  File1: 11 fsimplus(1.5889691084038247, 0.12218328076516591, -1.7911665272429165, 9.615698259565486, -213.77240268915955) 55 47
  File2: 11 fsimplus(1.5707963267948966, 0.5235987755982988, 0, 0, 0) 47 55

Line 435 differs:
  File1: 11 fsimplus(1.512740450439378, 6.426498949622999, 1.5579319870823514, -0.2156815217334324, -87.57479185489485) 61 53
  File2: 11 fsimplus(1.5707963267948966, 0.5235987755982988, 0, 0, 0) 53 61

Line 436 differs:
  File1: 11 fsimplus(1.5381324526898885, 0.1938637412474655, 0.15307229854970011, 2.583511275654107, -182.20888774710113) 62 54
  File2: 11 fsimplus(1.5707963267948966, 0.5235987755982988, 0, 0, 0) 54 62

Line 437 differs:
  File1: 11 fsimplus(1.5311539799702192, 0.1391898314476297, -2.763585260599433, 1.787013777159948, -273.1335893530813) 64 56
  File2: 11 fsimplus(1.5707963267948966, 0.5235987755982988, 0, 0, 0) 56 64

Line 438 differs:
  File1: 11 fsimplus(1.6002257110471578, 0.21814435528489431, -0.3048946417226077, 3.9792724625862133, -113.29105059304688) 65 57
  File2: 11 fsimplus(1.5707963267948966, 0.5235987755982988, 0, 0, 0) 57 65

Line 439 differs:
  File1: 11 fsimplus(1.6067110165578595, 0.1588802142137154, -1.675664669249564, 0.8340356334835107, -433.6662538711193) 66 58
  File2: 11 fsimplus(1.5707963267948966, 0.5235987755982988, 0, 0, 0) 58 66

Line 440 differs:
  File1: 11 fsimplus(1.5337457232679728, 0.19537137288078776, 2.7968751991702, 0.8043966936799776, 151.1660275940986) 67 59
  File2: 11 fsimplus(1.5707963267948966, 0.5235987755982988, 0, 0, 0) 59 67

Line 441 differs:
  File1: 11 fsimplus(1.5210404909664492, 0.19659620626415775, 0.5806885233210081, 1.685721546427834, -269.26031653507766) 71 63
  File2: 11 fsimplus(1.5707963267948966, 0.5235987755982988, 0, 0, 0) 63 71

Line 442 differs:
  File1: 11 fsimplus(1.5438863525304347, 0.13801735271361198, 1.546310422578992, 4.781330210234603, 225.87581422322558) 77 69
  File2: 11 fsimplus(1.5707963267948966, 0.5235987755982988, 0, 0, 0) 69 77

Line 443 differs:
  File1: 11 fsimplus(1.534454403811332, 0.18354345726592225, 0.3044508799765593, 0.853774477762827, -410.9756561321757) 78 70
  File2: 11 fsimplus(1.5707963267948966, 0.5235987755982988, 0, 0, 0) 70 78

Line 497 differs:
  File1: 13 fsimplus(1.5278535013211971, 0.11151795021458467, -2.1766053374228735, 3.1000008642291443, -238.15424912715292) 18 11
  File2: 13 fsimplus(1.5707963267948966, 0.5235987755982988, 0, 0, 0) 11 18

Line 498 differs:
  File1: 13 fsimplus(1.5531121624663105, 0.18363930522426564, 3.950931487801105, 0.5332164631350784, 216.57654759168148) 26 19
  File2: 13 fsimplus(1.5707963267948966, 0.5235987755982988, 0, 0, 0) 19 26

Line 499 differs:
  File1: 13 fsimplus(1.5709190706580292, 0.21180134827719568, 3.7833537148693352, 3.0210251237331245, 261.47348760668376) 32 25
  File2: 13 fsimplus(1.5707963267948966, 0.5235987755982988, 0, 0, 0) 25 32

Line 500 differs:
  File1: 13 fsimplus(1.4900361111801879, 0.12160496297638149, -0.40140414504390204, 1.5654249617863667, -459.48690547146856) 34 27
  File2: 13 fsimplus(1.5707963267948966, 0.5235987755982988, 0, 0, 0) 27 34

Line 501 differs:
  File1: 13 fsimplus(1.5234356309381858, 0.14480132922443714, 0.05768243135277495, 0.8795929706875367, 226.79034513802986) 35 28
  File2: 13 fsimplus(1.5707963267948966, 0.5235987755982988, 0, 0, 0) 28 35

Line 502 differs:
  File1: 13 fsimplus(1.5690025055126056, 0.1588039003910756, -4.211778349778334, 18.761384069568113, 203.31640960703155) 40 33
  File2: 13 fsimplus(1.5707963267948966, 0.5235987755982988, 0, 0, 0) 33 40

Line 503 differs:
  File1: 13 fsimplus(1.5262708285043902, 0.12889533375476828, 1.8282911101668708, 2.520791191025141, 180.12963442260295) 43 36
  File2: 13 fsimplus(1.5707963267948966, 0.5235987755982988, 0, 0, 0) 36 43

Line 504 differs:
  File1: 13 fsimplus(1.5000888045052045, 6.325286385756063, -1.8942627376662067, -1.0894152716673522, -515.443893677894) 45 38
  File2: 13 fsimplus(1.5707963267948966, 0.5235987755982988, 0, 0, 0) 38 45

Line 505 differs:
  File1: 13 fsimplus(1.5166626826087504, 0.18362331804371762, 3.395785819779469, -0.1612089838077514, -256.7935977190308) 46 39
  File2: 13 fsimplus(1.5707963267948966, 0.5235987755982988, 0, 0, 0) 39 46

Line 506 differs:
  File1: 13 fsimplus(1.5147232276288598, 0.1657559559348471, -3.214101774568703, 4.955720955012547, -477.6173640626537) 48 41
  File2: 13 fsimplus(1.5707963267948966, 0.5235987755982988, 0, 0, 0) 41 48

Line 507 differs:
  File1: 13 fsimplus(1.5688226398515772, 0.15083053299631016, 1.491168384732255, 7.846770779871771, 376.01244322869087) 51 44
  File2: 13 fsimplus(1.5707963267948966, 0.5235987755982988, 0, 0, 0) 44 51

Line 508 differs:
  File1: 13 fsimplus(1.4864508267273526, 0.20685485089898015, -2.6162454597665845, 1.326087480568765, 275.6687556159854) 54 47
  File2: 13 fsimplus(1.5707963267948966, 0.5235987755982988, 0, 0, 0) 47 54

Line 509 differs:
  File1: 13 fsimplus(1.6511734327098777, 0.09992227004346986, 3.1329375344091144, -2.6656014438429105, 161.67987343077408) 57 50
  File2: 13 fsimplus(1.5707963267948966, 0.5235987755982988, 0, 0, 0) 50 57

Line 510 differs:
  File1: 13 fsimplus(1.6259338898955298, 0.12998642143197317, 0.6636237030388062, 0.12834771935176134, 310.95354958660414) 62 55
  File2: 13 fsimplus(1.5707963267948966, 0.5235987755982988, 0, 0, 0) 55 62

Line 511 differs:
  File1: 13 fsimplus(1.6651882823546544, 0.12698025195001958, 2.4922434620207734, -1.2366110082363109, 352.3903594840965) 63 56
  File2: 13 fsimplus(1.5707963267948966, 0.5235987755982988, 0, 0, 0) 56 63

Line 512 differs:
  File1: 13 fsimplus(1.5870680448373233, 0.14778421732114602, 3.1893361315471735, 3.1860111443954886, -336.44160246776045) 65 58
  File2: 13 fsimplus(1.5707963267948966, 0.5235987755982988, 0, 0, 0) 58 65

Line 513 differs:
  File1: 13 fsimplus(1.467686695984151, 0.1505223774378516, 3.1595584201419182, 1.2775730675103032, 86.79610320714347) 66 59
  File2: 13 fsimplus(1.5707963267948966, 0.5235987755982988, 0, 0, 0) 59 66

Line 514 differs:
  File1: 13 fsimplus(1.521139566126501, 0.14021863701580534, 1.3605182824948496, 1.0203931077942023, 356.4907120116568) 71 64
  File2: 13 fsimplus(1.5707963267948966, 0.5235987755982988, 0, 0, 0) 64 71

Line 515 differs:
  File1: 13 fsimplus(1.6191367637833147, 0.14008453878534644, 1.4118644601667583, -2.6140337825100577, 320.13898151239965) 74 67
  File2: 13 fsimplus(1.5707963267948966, 0.5235987755982988, 0, 0, 0) 67 74

Line 516 differs:
  File1: 13 fsimplus(1.6160765679924072, 0.13374910573268503, -0.38374219188495057, -0.6116087791115327, 192.93613075800025) 77 70
  File2: 13 fsimplus(1.5707963267948966, 0.5235987755982988, 0, 0, 0) 70 77

Line 517 differs:
  File1: 13 fsimplus(0.0005668938547013975, -0.032619750836490796, 0.042307424350188826, -0.037133053969347345, -567.8891993529857) 79 72
  File2: 13 fsimplus(1.5707963267948966, 0.5235987755982988, 0, 0, 0) 72 79

Line 571 differs:
  File1: 15 fsimplus(1.6120750859763333, 0.11916446441337923, 3.088461893859465, -1.0762002733416318, -574.9262031308584) 19 12
  File2: 15 fsimplus(1.5707963267948966, 0.5235987755982988, 0, 0, 0) 12 19

Line 572 differs:
  File1: 15 fsimplus(-0.006899958480421245, -0.0032898302509681903, 0.003819742315039824, -0.0049594250498427635, 333.830177092286) 25 18
  File2: 15 fsimplus(1.5707963267948966, 0.5235987755982988, 0, 0, 0) 18 25

Line 573 differs:
  File1: 15 fsimplus(1.578106304580318, 0.10912766482814805, 3.7508317877176895, -0.08171714041974495, 452.99743804873617) 27 20
  File2: 15 fsimplus(1.5707963267948966, 0.5235987755982988, 0, 0, 0) 20 27

Line 574 differs:
  File1: 15 fsimplus(1.5033512337072046, -6.122746850958034, 0.6689770234916688, 2.5224721952211233, -189.36867042945937) 33 26
  File2: 15 fsimplus(1.5707963267948966, 0.5235987755982988, 0, 0, 0) 26 33

Line 575 differs:
  File1: 15 fsimplus(1.6765892936503888, -0.07722121070506241, -0.7501436870555455, 3.0135518656174534, -146.39922874248552) 36 29
  File2: 15 fsimplus(1.5707963267948966, 0.5235987755982988, 0, 0, 0) 29 36

Line 576 differs:
  File1: 15 fsimplus(1.5535845633211427, 0.2551479585816817, 1.1515297438109322, 0.8034637528773343, 360.456715729087) 38 31
  File2: 15 fsimplus(1.5707963267948966, 0.5235987755982988, 0, 0, 0) 31 38

Line 577 differs:
  File1: 15 fsimplus(1.5495820138082381, 0.21478568341562196, -0.27178517290327964, -0.5520241307588011, 344.96784623216263) 39 32
  File2: 15 fsimplus(1.5707963267948966, 0.5235987755982988, 0, 0, 0) 32 39

Line 578 differs:
  File1: 15 fsimplus(1.5150620340962333, 0.16645577154633, 0.09839484057676263, -0.9179277248744068, 404.1534360641837) 41 34
  File2: 15 fsimplus(1.5707963267948966, 0.5235987755982988, 0, 0, 0) 34 41

Line 579 differs:
  File1: 15 fsimplus(1.632931585571834, 0.18137630148081518, 1.6071395197695935, 1.8651427926657058, -333.0593927187677) 42 35
  File2: 15 fsimplus(1.5707963267948966, 0.5235987755982988, 0, 0, 0) 35 42

Line 580 differs:
  File1: 15 fsimplus(1.524041951767269, 0.16720705392671842, 0.21313447069314592, -0.0563715042282891, -454.8852011506873) 44 37
  File2: 15 fsimplus(1.5707963267948966, 0.5235987755982988, 0, 0, 0) 37 44

Line 581 differs:
  File1: 15 fsimplus(1.5221377122687567, 0.1506304035757886, 3.8110860400651294, 0.07564013767287131, 102.9367048977752) 47 40
  File2: 15 fsimplus(1.5707963267948966, 0.5235987755982988, 0, 0, 0) 40 47

Line 582 differs:
  File1: 15 fsimplus(1.6167908584192552, 0.19084164186228406, 4.139572214373988, 8.426885556648855, -167.59060389146245) 50 43
  File2: 15 fsimplus(1.5707963267948966, 0.5235987755982988, 0, 0, 0) 43 50

Line 583 differs:
  File1: 15 fsimplus(1.6190774990785346, 0.13947574484584227, 0.7514234402797888, 3.9121753939243877, -221.40279598771662) 53 46
  File2: 15 fsimplus(1.5707963267948966, 0.5235987755982988, 0, 0, 0) 46 53

Line 584 differs:
  File1: 15 fsimplus(1.6004705901156622, 0.15242184192564912, -1.0435707770953013, 2.1967979847300367, 307.0724908687004) 55 48
  File2: 15 fsimplus(1.5707963267948966, 0.5235987755982988, 0, 0, 0) 48 55

Line 585 differs:
  File1: 15 fsimplus(1.6166569801166977, 0.16268449704531937, 2.240653109895771, 1.0149786732553598, 498.54877491606993) 58 51
  File2: 15 fsimplus(1.5707963267948966, 0.5235987755982988, 0, 0, 0) 51 58

Line 586 differs:
  File1: 15 fsimplus(1.6738150257436675, 0.20067694025386443, 1.2407345187311052, -2.724901667929832, -515.1892655487027) 61 54
  File2: 15 fsimplus(1.5707963267948966, 0.5235987755982988, 0, 0, 0) 54 61

Line 587 differs:
  File1: 15 fsimplus(1.5606064120184027, 0.14861718501286278, 3.337748102915106, -1.4250405936271378, -329.3847565233135) 64 57
  File2: 15 fsimplus(1.5707963267948966, 0.5235987755982988, 0, 0, 0) 57 64

Line 588 differs:
  File1: 15 fsimplus(1.6766832255794075, 0.12902856466695187, -0.38248755299690107, 1.9970357466835233, -334.1739182028201) 69 62
  File2: 15 fsimplus(1.5707963267948966, 0.5235987755982988, 0, 0, 0) 62 69

Line 589 differs:
  File1: 15 fsimplus(1.624758241788708, 0.14865154721404286, 1.3322522609107659, 0.7514592158135812, -383.9663597920927) 70 63
  File2: 15 fsimplus(1.5707963267948966, 0.5235987755982988, 0, 0, 0) 63 70

Line 590 differs:
  File1: 15 fsimplus(1.5159852704906789, 0.1888610064554085, 0.25377089369305417, 2.427070205309697, 379.10021973994543) 72 65
  File2: 15 fsimplus(1.5707963267948966, 0.5235987755982988, 0, 0, 0) 65 72

Line 591 differs:
  File1: 15 fsimplus(1.6411567672670497, 6.338629293639052, 1.3096415558068273, -5.865792953098693, -569.9578907262653) 78 71
  File2: 15 fsimplus(1.5707963267948966, 0.5235987755982988, 0, 0, 0) 71 78

Line 645 differs:
  File1: 17 fsimplus(1.5278535013211971, 0.11151795021458467, -2.1766053374228735, 3.1000008642291443, -306.9551282407694) 18 11
  File2: 17 fsimplus(1.5707963267948966, 0.5235987755982988, 0, 0, 0) 11 18

Line 646 differs:
  File1: 17 fsimplus(1.5531121624663105, 0.18363930522426564, 3.950931487801105, 0.5332164631350784, 278.03866626651217) 26 19
  File2: 17 fsimplus(1.5707963267948966, 0.5235987755982988, 0, 0, 0) 19 26

Line 647 differs:
  File1: 17 fsimplus(1.5709190706580292, 0.21180134827719568, 3.7833537148693352, 3.0210251237331245, 335.7784370493895) 32 25
  File2: 17 fsimplus(1.5707963267948966, 0.5235987755982988, 0, 0, 0) 25 32

Line 648 differs:
  File1: 17 fsimplus(1.4900361111801879, 0.12160496297638149, -0.40140414504390204, 1.5654249617863667, -590.667248314764) 34 27
  File2: 17 fsimplus(1.5707963267948966, 0.5235987755982988, 0, 0, 0) 27 34

Line 649 differs:
  File1: 17 fsimplus(1.5234356309381858, 0.14480132922443714, 0.05768243135277495, 0.8795929706875367, 291.92184403225343) 35 28
  File2: 17 fsimplus(1.5707963267948966, 0.5235987755982988, 0, 0, 0) 28 35

Line 650 differs:
  File1: 17 fsimplus(1.5690025055126056, 0.1588039003910756, -4.211778349778334, 18.761384069568113, 262.0264931173175) 40 33
  File2: 17 fsimplus(1.5707963267948966, 0.5235987755982988, 0, 0, 0) 33 40

Line 651 differs:
  File1: 17 fsimplus(1.5262708285043902, 0.12889533375476828, 1.8282911101668708, 2.520791191025141, 231.50095749410323) 43 36
  File2: 17 fsimplus(1.5707963267948966, 0.5235987755982988, 0, 0, 0) 36 43

Line 652 differs:
  File1: 17 fsimplus(1.5000888045052045, 6.325286385756063, -1.8942627376662067, -1.0894152716673522, -662.2191024536091) 45 38
  File2: 17 fsimplus(1.5707963267948966, 0.5235987755982988, 0, 0, 0) 38 45

Line 653 differs:
  File1: 17 fsimplus(1.5166626826087504, 0.18362331804371762, 3.395785819779469, -0.1612089838077514, -330.2595205204505) 46 39
  File2: 17 fsimplus(1.5707963267948966, 0.5235987755982988, 0, 0, 0) 39 46

Line 654 differs:
  File1: 17 fsimplus(1.5147232276288598, 0.1657559559348471, -3.214101774568703, 4.955720955012547, -614.7558167066298) 48 41
  File2: 17 fsimplus(1.5707963267948966, 0.5235987755982988, 0, 0, 0) 41 48

Line 655 differs:
  File1: 17 fsimplus(1.5688226398515772, 0.15083053299631016, 1.491168384732255, 7.846770779871771, 484.2591597007808) 51 44
  File2: 17 fsimplus(1.5707963267948966, 0.5235987755982988, 0, 0, 0) 44 51

Line 656 differs:
  File1: 17 fsimplus(1.4864508267273526, 0.20685485089898015, -2.6162454597665845, 1.326087480568765, 353.643085278084) 54 47
  File2: 17 fsimplus(1.5707963267948966, 0.5235987755982988, 0, 0, 0) 47 54

Line 657 differs:
  File1: 17 fsimplus(1.6511734327098777, 0.09992227004346986, 3.1329375344091144, -2.6656014438429105, 207.54712617318503) 57 50
  File2: 17 fsimplus(1.5707963267948966, 0.5235987755982988, 0, 0, 0) 50 57

Line 658 differs:
  File1: 17 fsimplus(1.6259338898955298, 0.12998642143197317, 0.6636237030388062, 0.12834771935176134, 398.78933858832113) 62 55
  File2: 17 fsimplus(1.5707963267948966, 0.5235987755982988, 0, 0, 0) 55 62

Line 659 differs:
  File1: 17 fsimplus(1.6651882823546544, 0.12698025195001958, 2.4922434620207734, -1.2366110082363109, 452.8396429899765) 63 56
  File2: 17 fsimplus(1.5707963267948966, 0.5235987755982988, 0, 0, 0) 56 63

Line 660 differs:
  File1: 17 fsimplus(1.5870680448373233, 0.14778421732114602, 3.1893361315471735, 3.1860111443954886, -432.7628332268235) 65 58
  File2: 17 fsimplus(1.5707963267948966, 0.5235987755982988, 0, 0, 0) 58 65

Line 661 differs:
  File1: 17 fsimplus(1.467686695984151, 0.1505223774378516, 3.1595584201419182, 1.2775730675103032, 111.56441968804539) 66 59
  File2: 17 fsimplus(1.5707963267948966, 0.5235987755982988, 0, 0, 0) 59 66

Line 662 differs:
  File1: 17 fsimplus(1.521139566126501, 0.14021863701580534, 1.3605182824948496, 1.0203931077942023, 458.31601309980914) 71 64
  File2: 17 fsimplus(1.5707963267948966, 0.5235987755982988, 0, 0, 0) 64 71

Line 663 differs:
  File1: 17 fsimplus(1.6191367637833147, 0.14008453878534644, 1.4118644601667583, -2.6140337825100577, 410.9561419423734) 74 67
  File2: 17 fsimplus(1.5707963267948966, 0.5235987755982988, 0, 0, 0) 67 74

Line 664 differs:
  File1: 17 fsimplus(1.6160765679924072, 0.13374910573268503, -0.38374219188495057, -0.6116087791115327, 247.9768340488934) 77 70
  File2: 17 fsimplus(1.5707963267948966, 0.5235987755982988, 0, 0, 0) 70 77

Line 665 differs:
  File1: 17 fsimplus(0.0005668938547013975, -0.032619750836490796, 0.042307424350188826, -0.037133053969347345, -732.0939641708169) 79 72
  File2: 17 fsimplus(1.5707963267948966, 0.5235987755982988, 0, 0, 0) 72 79

Line 719 differs:
  File1: 19 fsimplus(1.6120750859763333, 0.11916446441337923, 3.088461893859465, -1.0762002733416318, -718.9493767420289) 19 12
  File2: 19 fsimplus(1.5707963267948966, 0.5235987755982988, 0, 0, 0) 12 19

Line 720 differs:
  File1: 19 fsimplus(-0.006899958480421245, -0.0032898302509681903, 0.003819742315039824, -0.0049594250498427635, 416.3912320286257) 25 18
  File2: 19 fsimplus(1.5707963267948966, 0.5235987755982988, 0, 0, 0) 18 25

Line 721 differs:
  File1: 19 fsimplus(1.578106304580318, 0.10912766482814805, 3.7508317877176895, -0.08171714041974495, 565.8308797950672) 27 20
  File2: 19 fsimplus(1.5707963267948966, 0.5235987755982988, 0, 0, 0) 20 27

Line 722 differs:
  File1: 19 fsimplus(1.5033512337072046, -6.122746850958034, 0.6689770234916688, 2.5224721952211233, -237.0706132815668) 33 26
  File2: 19 fsimplus(1.5707963267948966, 0.5235987755982988, 0, 0, 0) 26 33

Line 723 differs:
  File1: 19 fsimplus(1.6765892936503888, -0.07722121070506241, -0.7501436870555455, 3.0135518656174534, -183.09303093641432) 36 29
  File2: 19 fsimplus(1.5707963267948966, 0.5235987755982988, 0, 0, 0) 29 36

Line 724 differs:
  File1: 19 fsimplus(1.5535845633211427, 0.2551479585816817, 1.1515297438109322, 0.8034637528773343, 450.35653110421254) 38 31
  File2: 19 fsimplus(1.5707963267948966, 0.5235987755982988, 0, 0, 0) 31 38

Line 725 differs:
  File1: 19 fsimplus(1.5495820138082381, 0.21478568341562196, -0.27178517290327964, -0.5520241307588011, 431.2765998014574) 39 32
  File2: 19 fsimplus(1.5707963267948966, 0.5235987755982988, 0, 0, 0) 32 39

Line 726 differs:
  File1: 19 fsimplus(1.5150620340962333, 0.16645577154633, 0.09839484057676263, -0.9179277248744068, 504.598086514231) 41 34
  File2: 19 fsimplus(1.5707963267948966, 0.5235987755982988, 0, 0, 0) 34 41

Line 727 differs:
  File1: 19 fsimplus(1.632931585571834, 0.18137630148081518, 1.6071395197695935, 1.8651427926657058, -415.6204476551074) 42 35
  File2: 19 fsimplus(1.5707963267948966, 0.5235987755982988, 0, 0, 0) 35 42

Line 728 differs:
  File1: 19 fsimplus(1.524041951767269, 0.16720705392671842, 0.21313447069314592, -0.0563715042282891, -569.5533330067148) 44 37
  File2: 19 fsimplus(1.5707963267948966, 0.5235987755982988, 0, 0, 0) 37 44

Line 729 differs:
  File1: 19 fsimplus(1.5221377122687567, 0.1506304035757886, 3.8110860400651294, 0.07564013767287131, 128.62236643352537) 47 40
  File2: 19 fsimplus(1.5707963267948966, 0.5235987755982988, 0, 0, 0) 40 47

Line 730 differs:
  File1: 19 fsimplus(1.6167908584192552, 0.19084164186228406, 4.139572214373988, 8.426885556648855, -209.78847641448056) 50 43
  File2: 19 fsimplus(1.5707963267948966, 0.5235987755982988, 0, 0, 0) 43 50

Line 731 differs:
  File1: 19 fsimplus(1.6190774990785346, 0.13947574484584227, 0.7514234402797888, 3.9121753939243877, -276.44349927860975) 53 46
  File2: 19 fsimplus(1.5707963267948966, 0.5235987755982988, 0, 0, 0) 46 53

Line 732 differs:
  File1: 19 fsimplus(1.6004705901156622, 0.15242184192564912, -1.0435707770953013, 2.1967979847300367, 383.2121304211026) 55 48
  File2: 19 fsimplus(1.5707963267948966, 0.5235987755982988, 0, 0, 0) 48 55

Line 733 differs:
  File1: 19 fsimplus(1.6166569801166977, 0.16268449704531937, 2.240653109895771, 1.0149786732553598, 623.3077023754278) 58 51
  File2: 19 fsimplus(1.5707963267948966, 0.5235987755982988, 0, 0, 0) 51 58

Line 734 differs:
  File1: 19 fsimplus(1.6738150257436675, 0.20067694025386443, 1.2407345187311052, -2.724901667929832, -644.5349182823016) 61 54
  File2: 19 fsimplus(1.5707963267948966, 0.5235987755982988, 0, 0, 0) 54 61

Line 735 differs:
  File1: 19 fsimplus(1.5606064120184027, 0.14861718501286278, 3.337748102915106, -1.4250405936271378, -411.9458114596532) 64 57
  File2: 19 fsimplus(1.5707963267948966, 0.5235987755982988, 0, 0, 0) 57 64

Line 736 differs:
  File1: 19 fsimplus(1.6766832255794075, 0.12902856466695187, -0.38248755299690107, 1.9970357466835233, -418.34032698514426) 69 62
  File2: 19 fsimplus(1.5707963267948966, 0.5235987755982988, 0, 0, 0) 62 69

Line 737 differs:
  File1: 19 fsimplus(1.624758241788708, 0.14865154721404286, 1.3322522609107659, 0.7514592158135812, -479.8289180237316) 70 63
  File2: 19 fsimplus(1.5707963267948966, 0.5235987755982988, 0, 0, 0) 63 70

Line 738 differs:
  File1: 19 fsimplus(1.5159852704906789, 0.1888610064554085, 0.25377089369305417, 2.427070205309697, 473.586760389312) 72 65
  File2: 19 fsimplus(1.5707963267948966, 0.5235987755982988, 0, 0, 0) 65 72

Line 739 differs:
  File1: 19 fsimplus(1.6411567672670497, 6.338629293639052, 1.3096415558068273, -5.865792953098693, -713.0637192825876) 78 71
  File2: 19 fsimplus(1.5707963267948966, 0.5235987755982988, 0, 0, 0) 71 78

Line 793 differs:
  File1: 21 fsimplus(1.6017240526487753, 0.14667806471393785, -0.4398762548413339, 1.9261015321310389, 201.84132830910053) 25 17
  File2: 21 fsimplus(1.5707963267948966, 0.5235987755982988, 0, 0, 0) 17 25

Line 794 differs:
  File1: 21 fsimplus(1.5531585755590132, 0.18897982377505623, -3.217189150123622, 0.2145859825825397, 557.2141369594185) 26 18
  File2: 21 fsimplus(1.5707963267948966, 0.5235987755982988, 0, 0, 0) 18 26

Line 795 differs:
  File1: 21 fsimplus(1.6145778291705837, 0.17390037364565972, -1.3741215850310304, 5.286416638011127, 656.686071390026) 27 19
  File2: 21 fsimplus(1.5707963267948966, 0.5235987755982988, 0, 0, 0) 19 27

Line 796 differs:
  File1: 21 fsimplus(1.5408637047522231, 0.19197496630633007, 1.386719970492691, 0.7385546954251792, 400.36347220862604) 28 20
  File2: 21 fsimplus(1.5707963267948966, 0.5235987755982988, 0, 0, 0) 20 28

Line 797 differs:
  File1: 21 fsimplus(1.5063963703659986, 6.393412828458584, 1.291409863932367, -2.4770192136811726, -249.5753352489699) 40 32
  File2: 21 fsimplus(1.5707963267948966, 0.5235987755982988, 0, 0, 0) 32 40

Line 798 differs:
  File1: 21 fsimplus(1.5246930910022933, 0.17829805988072592, -1.0986557769161083, 3.67057701188262, 410.39895744788896) 41 33
  File2: 21 fsimplus(1.5707963267948966, 0.5235987755982988, 0, 0, 0) 33 41

Line 799 differs:
  File1: 21 fsimplus(1.6306085977892364, 0.15538864365526672, -3.1565244083491732, -0.2783240475185382, 406.0143014220219) 42 34
  File2: 21 fsimplus(1.5707963267948966, 0.5235987755982988, 0, 0, 0) 34 42

Line 800 differs:
  File1: 21 fsimplus(1.5357160503300151, 0.1564642807253738, 0.22466768792201408, 0.159415343363965, -600.2679055786687) 43 35
  File2: 21 fsimplus(1.5707963267948966, 0.5235987755982988, 0, 0, 0) 35 43

Line 801 differs:
  File1: 21 fsimplus(0.0025940794571831013, -0.00349135389888416, -1.351101055605882, 1.317944592909587, -647.0193985116224) 44 36
  File2: 21 fsimplus(1.5707963267948966, 0.5235987755982988, 0, 0, 0) 36 44

Line 802 differs:
  File1: 21 fsimplus(1.4735823746830525, 0.20095958071498587, -1.3528339257917863, 1.263142999767304, 263.23166627409216) 53 45
  File2: 21 fsimplus(1.5707963267948966, 0.5235987755982988, 0, 0, 0) 45 53

Line 803 differs:
  File1: 21 fsimplus(1.6316137700298223, 0.18150797933820273, -1.090202613096634, 0.9656540432283978, 252.92549946678966) 54 46
  File2: 21 fsimplus(1.5707963267948966, 0.5235987755982988, 0, 0, 0) 46 54

Line 804 differs:
  File1: 21 fsimplus(1.5913366853117483, 0.1558711171924429, 0.2568799957339146, 1.210461446226561, 532.2084170283873) 56 48
  File2: 21 fsimplus(1.5707963267948966, 0.5235987755982988, 0, 0, 0) 48 56

Line 805 differs:
  File1: 21 fsimplus(1.4917444833643243, 0.18061200284926565, -0.7788250954000837, 1.0836502494721123, 575.1410860941811) 58 50
  File2: 21 fsimplus(1.5707963267948966, 0.5235987755982988, 0, 0, 0) 50 58

Line 806 differs:
  File1: 21 fsimplus(1.5974082069402498, 0.14683404844966463, 0.32819197987657256, -0.1302637501530639, -241.38822278808271) 59 51
  File2: 21 fsimplus(1.5707963267948966, 0.5235987755982988, 0, 0, 0) 51 59

Line 807 differs:
  File1: 21 fsimplus(1.518236310016791, 0.14170083723616908, -1.6953469230502565, 2.3072240568759312, 663.3641547148048) 63 55
  File2: 21 fsimplus(1.5707963267948966, 0.5235987755982988, 0, 0, 0) 55 63

Line 808 differs:
  File1: 21 fsimplus(1.501595887625406, 0.12170275475969809, 3.255775777668889, 0.35880105305229903, -85.83706062937704) 69 61
  File2: 21 fsimplus(1.5707963267948966, 0.5235987755982988, 0, 0, 0) 61 69

Line 809 differs:
  File1: 21 fsimplus(1.5809147926780212, 0.16525210330680992, -0.8446747793687615, 1.012418472166436, -347.3025968041726) 70 62
  File2: 21 fsimplus(1.5707963267948966, 0.5235987755982988, 0, 0, 0) 62 70

Line 810 differs:
  File1: 21 fsimplus(1.6424100106553634, 0.17551876776923966, -2.8420012108339026, 1.9843689564688334, 764.9099621905298) 72 64
  File2: 21 fsimplus(1.5707963267948966, 0.5235987755982988, 0, 0, 0) 64 72

Line 811 differs:
  File1: 21 fsimplus(1.6300847087695813, 0.15024307926444075, -0.2124408933309762, -0.362447887553253, 644.1586754040377) 74 66
  File2: 21 fsimplus(1.5707963267948966, 0.5235987755982988, 0, 0, 0) 66 74

Line 812 differs:
  File1: 21 fsimplus(1.6413623062759286, 0.21375929439770588, 1.1727554763600971, -3.2877425674463, -694.1237872680013) 79 71
  File2: 21 fsimplus(1.5707963267948966, 0.5235987755982988, 0, 0, 0) 71 79

Line 866 differs:
  File1: 23 fsimplus(1.5209647574800056, 0.14342174003687944, 0.19632525686699134, -0.2665924948477698, -172.77919618247424) 19 11
  File2: 23 fsimplus(1.5707963267948966, 0.5235987755982988, 0, 0, 0) 11 19

Line 867 differs:
  File1: 23 fsimplus(1.6392611356346756, 0.19141224571848994, 1.5297335268490482, 0.5709062386682199, -825.2083796414827) 20 12
  File2: 23 fsimplus(1.5707963267948966, 0.5235987755982988, 0, 0, 0) 12 20

Line 868 differs:
  File1: 23 fsimplus(1.606609700082454, 0.2051196526912861, -0.864626036426472, 2.094423840086801, -175.30069992032335) 33 25
  File2: 23 fsimplus(1.5707963267948966, 0.5235987755982988, 0, 0, 0) 25 33

Line 869 differs:
  File1: 23 fsimplus(1.594888335558269, 0.17289102938810194, 1.4405751641060276, -3.5347561991014995, -438.1152656364736) 34 26
  File2: 23 fsimplus(1.5707963267948966, 0.5235987755982988, 0, 0, 0) 26 34

Line 870 differs:
  File1: 23 fsimplus(1.4763564497482045, 0.25922139925587795, 1.7559590351820904, 0.8411094656202094, 148.21342404705118) 35 27
  File2: 23 fsimplus(1.5707963267948966, 0.5235987755982988, 0, 0, 0) 27 35

Line 871 differs:
  File1: 23 fsimplus(1.482100202262001, 0.06845569012937877, -2.5146187156740667, 1.9916772461219154, -569.5705365530231) 36 28
  File2: 23 fsimplus(1.5707963267948966, 0.5235987755982988, 0, 0, 0) 28 36

Line 872 differs:
  File1: 23 fsimplus(1.4260053121030516, -0.2906399672887316, 2.746138537938476, 2.1860859944493645, -248.30524692466318) 37 29
  File2: 23 fsimplus(1.5707963267948966, 0.5235987755982988, 0, 0, 0) 29 37

Line 873 differs:
  File1: 23 fsimplus(1.6023723700447365, 0.10777769376978247, -4.585059966973687, 6.070996089599565, -265.80662210935657) 46 38
  File2: 23 fsimplus(1.5707963267948966, 0.5235987755982988, 0, 0, 0) 38 46

Line 874 differs:
  File1: 23 fsimplus(1.5146414339661753, 0.17812216265997008, -2.1039185586402724, 1.304961603461524, -724.3875518459138) 48 40
  File2: 23 fsimplus(1.5707963267948966, 0.5235987755982988, 0, 0, 0) 40 48

Line 875 differs:
  File1: 23 fsimplus(1.4644250143246684, 6.405307556878569, 1.9761847763385982, -3.321480721210398, -414.1414001972611) 50 42
  File2: 23 fsimplus(1.5707963267948966, 0.5235987755982988, 0, 0, 0) 42 50

Line 876 differs:
  File1: 23 fsimplus(1.6696630411349949, 0.15217907958130267, 0.5035873018188195, -1.7455629070030667, -372.16814118133715) 51 43
  File2: 23 fsimplus(1.5707963267948966, 0.5235987755982988, 0, 0, 0) 43 51

Line 877 differs:
  File1: 23 fsimplus(1.5889691084038247, 0.12218328076516591, -1.7911665272429165, 9.615698259565486, -425.67911035909816) 55 47
  File2: 23 fsimplus(1.5707963267948966, 0.5235987755982988, 0, 0, 0) 47 55

Line 878 differs:
  File1: 23 fsimplus(1.512740450439378, 6.426498949622999, 1.5579319870823514, -0.2156815217334324, -172.88788195577925) 61 53
  File2: 23 fsimplus(1.5707963267948966, 0.5235987755982988, 0, 0, 0) 53 61

Line 879 differs:
  File1: 23 fsimplus(1.5381324526898885, 0.1938637412474655, 0.15307229854970011, 2.583511275654107, -364.5312173981847) 62 54
  File2: 23 fsimplus(1.5707963267948966, 0.5235987755982988, 0, 0, 0) 54 62

Line 880 differs:
  File1: 23 fsimplus(1.5311539799702192, 0.1391898314476297, -2.763585260599433, 1.787013777159948, -548.3371058075471) 64 56
  File2: 23 fsimplus(1.5707963267948966, 0.5235987755982988, 0, 0, 0) 56 64

Line 881 differs:
  File1: 23 fsimplus(1.6002257110471578, 0.21814435528489431, -0.3048946417226077, 3.9792724625862133, -226.12449233937787) 65 57
  File2: 23 fsimplus(1.5707963267948966, 0.5235987755982988, 0, 0, 0) 57 65

Line 882 differs:
  File1: 23 fsimplus(1.6067110165578595, 0.1588802142137154, -1.675664669249564, 0.8340356334835107, -865.7357747046307) 66 58
  File2: 23 fsimplus(1.5707963267948966, 0.5235987755982988, 0, 0, 0) 58 66

Line 883 differs:
  File1: 23 fsimplus(1.5337457232679728, 0.19537137288078776, 2.7968751991702, 0.8043966936799776, 302.5279616440548) 67 59
  File2: 23 fsimplus(1.5707963267948966, 0.5235987755982988, 0, 0, 0) 59 67

Line 884 differs:
  File1: 23 fsimplus(1.5210404909664492, 0.19659620626415775, 0.5806885233210081, 1.685721546427834, -540.3357802427264) 71 63
  File2: 23 fsimplus(1.5707963267948966, 0.5235987755982988, 0, 0, 0) 63 71

Line 885 differs:
  File1: 23 fsimplus(1.5438863525304347, 0.13801735271361198, 1.546310422578992, 4.781330210234603, 454.2947328804322) 77 69
  File2: 23 fsimplus(1.5707963267948966, 0.5235987755982988, 0, 0, 0) 69 77

Line 886 differs:
  File1: 23 fsimplus(1.534454403811332, 0.18354345726592225, 0.3044508799765593, 0.853774477762827, -823.7809308138743) 78 70
  File2: 23 fsimplus(1.5707963267948966, 0.5235987755982988, 0, 0, 0) 70 78

Line 940 differs:
  File1: 25 fsimplus(1.6017240526487753, 0.14667806471393785, -0.4398762548413339, 1.9261015321310389, 238.5351305030293) 25 17
  File2: 25 fsimplus(1.5707963267948966, 0.5235987755982988, 0, 0, 0) 17 25

Line 941 differs:
  File1: 25 fsimplus(1.5531585755590132, 0.18897982377505623, -3.217189150123622, 0.2145859825825397, 658.1220929927226) 26 18
  File2: 25 fsimplus(1.5707963267948966, 0.5235987755982988, 0, 0, 0) 18 26

Line 942 differs:
  File1: 25 fsimplus(1.6145778291705837, 0.17390037364565972, -1.3741215850310304, 5.286416638011127, 775.9409285202945) 27 19
  File2: 25 fsimplus(1.5707963267948966, 0.5235987755982988, 0, 0, 0) 19 27

Line 943 differs:
  File1: 25 fsimplus(1.5408637047522231, 0.19197496630633007, 1.386719970492691, 0.7385546954251792, 472.83373154163536) 28 20
  File2: 25 fsimplus(1.5707963267948966, 0.5235987755982988, 0, 0, 0) 20 28

Line 944 differs:
  File1: 25 fsimplus(1.5063963703659986, 6.393412828458584, 1.291409863932367, -2.4770192136811726, -294.52524293653266) 40 32
  File2: 25 fsimplus(1.5707963267948966, 0.5235987755982988, 0, 0, 0) 32 40

Line 945 differs:
  File1: 25 fsimplus(1.5246930910022933, 0.17829805988072592, -1.0986557769161083, 3.67057701188262, 485.1579463621862) 41 33
  File2: 25 fsimplus(1.5707963267948966, 0.5235987755982988, 0, 0, 0) 33 41

Line 946 differs:
  File1: 25 fsimplus(1.6306085977892364, 0.15538864365526672, -3.1565244083491732, -0.2783240475185382, 479.40190580987945) 42 34
  File2: 25 fsimplus(1.5707963267948966, 0.5235987755982988, 0, 0, 0) 34 42

Line 947 differs:
  File1: 25 fsimplus(1.5357160503300151, 0.1564642807253738, 0.22466768792201408, 0.159415343363965, -709.4319671056068) 43 35
  File2: 25 fsimplus(1.5707963267948966, 0.5235987755982988, 0, 0, 0) 35 43

Line 948 differs:
  File1: 25 fsimplus(0.0025940794571831013, -0.00349135389888416, -1.351101055605882, 1.317944592909587, -766.2742556418909) 44 36
  File2: 25 fsimplus(1.5707963267948966, 0.5235987755982988, 0, 0, 0) 36 44

Line 949 differs:
  File1: 25 fsimplus(1.4735823746830525, 0.20095958071498587, -1.3528339257917863, 1.263142999767304, 310.93360912619954) 53 45
  File2: 25 fsimplus(1.5707963267948966, 0.5235987755982988, 0, 0, 0) 45 53

Line 950 differs:
  File1: 25 fsimplus(1.6316137700298223, 0.18150797933820273, -1.090202613096634, 0.9656540432283978, 298.7927522092006) 54 46
  File2: 25 fsimplus(1.5707963267948966, 0.5235987755982988, 0, 0, 0) 46 54

Line 951 differs:
  File1: 25 fsimplus(1.5913366853117483, 0.1558711171924429, 0.2568799957339146, 1.210461446226561, 628.5296477874504) 56 48
  File2: 25 fsimplus(1.5707963267948966, 0.5235987755982988, 0, 0, 0) 48 56

Line 952 differs:
  File1: 25 fsimplus(1.4917444833643243, 0.18061200284926565, -0.7788250954000837, 1.0836502494721123, 679.718422346878) 58 50
  File2: 25 fsimplus(1.5707963267948966, 0.5235987755982988, 0, 0, 0) 50 58

Line 953 differs:
  File1: 25 fsimplus(1.5974082069402498, 0.14683404844966463, 0.32819197987657256, -0.1302637501530639, -285.4207854207972) 59 51
  File2: 25 fsimplus(1.5707963267948966, 0.5235987755982988, 0, 0, 0) 51 59

Line 954 differs:
  File1: 25 fsimplus(1.518236310016791, 0.14170083723616908, -1.6953469230502565, 2.3072240568759312, 783.9950294273457) 63 55
  File2: 25 fsimplus(1.5707963267948966, 0.5235987755982988, 0, 0, 0) 55 63

Line 955 differs:
  File1: 25 fsimplus(1.501595887625406, 0.12170275475969809, 3.255775777668889, 0.35880105305229903, -101.43192656179674) 69 61
  File2: 25 fsimplus(1.5707963267948966, 0.5235987755982988, 0, 0, 0) 61 69

Line 956 differs:
  File1: 25 fsimplus(1.5809147926780212, 0.16525210330680992, -0.8446747793687615, 1.012418472166436, -410.3700693249877) 70 62
  File2: 25 fsimplus(1.5707963267948966, 0.5235987755982988, 0, 0, 0) 62 70

Line 957 differs:
  File1: 25 fsimplus(1.6424100106553634, 0.17551876776923966, -2.8420012108339026, 1.9843689564688334, 904.346410527459) 72 64
  File2: 25 fsimplus(1.5707963267948966, 0.5235987755982988, 0, 0, 0) 64 72

Line 958 differs:
  File1: 25 fsimplus(1.6300847087695813, 0.15024307926444075, -0.2124408933309762, -0.362447887553253, 760.6614973697616) 74 66
  File2: 25 fsimplus(1.5707963267948966, 0.5235987755982988, 0, 0, 0) 66 74

Line 959 differs:
  File1: 25 fsimplus(1.6413623062759286, 0.21375929439770588, 1.1727554763600971, -3.2877425674463, -820.7174048370557) 79 71
  File2: 25 fsimplus(1.5707963267948966, 0.5235987755982988, 0, 0, 0) 71 79

Line 1013 differs:
  File1: 27 fsimplus(1.5209647574800056, 0.14342174003687944, 0.19632525686699134, -0.2665924948477698, -202.13423793761729) 19 11
  File2: 27 fsimplus(1.5707963267948966, 0.5235987755982988, 0, 0, 0) 11 19

Line 1014 differs:
  File1: 27 fsimplus(1.6392611356346756, 0.19141224571848994, 1.5297335268490482, 0.5709062386682199, -962.8101378687156) 20 12
  File2: 27 fsimplus(1.5707963267948966, 0.5235987755982988, 0, 0, 0) 12 20

Line 1015 differs:
  File1: 27 fsimplus(1.606609700082454, 0.2051196526912861, -0.864626036426472, 2.094423840086801, -204.6557416754664) 33 25
  File2: 27 fsimplus(1.5707963267948966, 0.5235987755982988, 0, 0, 0) 25 33

Line 1016 differs:
  File1: 27 fsimplus(1.594888335558269, 0.17289102938810194, 1.4405751641060276, -3.5347561991014995, -511.5028700243313) 34 26
  File2: 27 fsimplus(1.5707963267948966, 0.5235987755982988, 0, 0, 0) 26 34

Line 1017 differs:
  File1: 27 fsimplus(1.4763564497482045, 0.25922139925587795, 1.7559590351820904, 0.8411094656202094, 172.98174052795312) 35 27
  File2: 27 fsimplus(1.5707963267948966, 0.5235987755982988, 0, 0, 0) 27 35

Line 1018 differs:
  File1: 27 fsimplus(1.482100202262001, 0.06845569012937877, -2.5146187156740667, 1.9916772461219154, -664.9744222572381) 36 28
  File2: 27 fsimplus(1.5707963267948966, 0.5235987755982988, 0, 0, 0) 28 36

Line 1019 differs:
  File1: 27 fsimplus(1.4260053121030516, -0.2906399672887316, 2.746138537938476, 2.1860859944493645, -289.58577439283306) 37 29
  File2: 27 fsimplus(1.5707963267948966, 0.5235987755982988, 0, 0, 0) 29 37

Line 1020 differs:
  File1: 27 fsimplus(1.6023723700447365, 0.10777769376978247, -4.585059966973687, 6.070996089599565, -309.83918474207115) 46 38
  File2: 27 fsimplus(1.5707963267948966, 0.5235987755982988, 0, 0, 0) 38 46

Line 1021 differs:
  File1: 27 fsimplus(1.5146414339661753, 0.17812216265997008, -2.1039185586402724, 1.304961603461524, -845.4770990858789) 48 40
  File2: 27 fsimplus(1.5707963267948966, 0.5235987755982988, 0, 0, 0) 40 48

Line 1022 differs:
  File1: 27 fsimplus(1.4644250143246684, 6.405307556878569, 1.9761847763385982, -3.321480721210398, -482.94227931087755) 50 42
  File2: 27 fsimplus(1.5707963267948966, 0.5235987755982988, 0, 0, 0) 42 50

Line 1023 differs:
  File1: 27 fsimplus(1.6696630411349949, 0.15217907958130267, 0.5035873018188195, -1.7455629070030667, -434.5476049110161) 51 43
  File2: 27 fsimplus(1.5707963267948966, 0.5235987755982988, 0, 0, 0) 43 51

Line 1024 differs:
  File1: 27 fsimplus(1.5889691084038247, 0.12218328076516591, -1.7911665272429165, 9.615698259565486, -496.3146795824111) 55 47
  File2: 27 fsimplus(1.5707963267948966, 0.5235987755982988, 0, 0, 0) 47 55

Line 1025 differs:
  File1: 27 fsimplus(1.512740450439378, 6.426498949622999, 1.5579319870823514, -0.2156815217334324, -201.32557865607407) 61 53
  File2: 27 fsimplus(1.5707963267948966, 0.5235987755982988, 0, 0, 0) 53 61

Line 1026 differs:
  File1: 27 fsimplus(1.5381324526898885, 0.1938637412474655, 0.15307229854970011, 2.583511275654107, -425.30532728187933) 62 54
  File2: 27 fsimplus(1.5707963267948966, 0.5235987755982988, 0, 0, 0) 54 62

Line 1027 differs:
  File1: 27 fsimplus(1.5311539799702192, 0.1391898314476297, -2.763585260599433, 1.787013777159948, -640.0716112923691) 64 56
  File2: 27 fsimplus(1.5707963267948966, 0.5235987755982988, 0, 0, 0) 56 64

Line 1028 differs:
  File1: 27 fsimplus(1.6002257110471578, 0.21814435528489431, -0.3048946417226077, 3.9792724625862133, -263.73563958815487) 65 57
  File2: 27 fsimplus(1.5707963267948966, 0.5235987755982988, 0, 0, 0) 57 65

Line 1029 differs:
  File1: 27 fsimplus(1.6067110165578595, 0.1588802142137154, -1.675664669249564, 0.8340356334835107, -1009.7589483158011) 66 58
  File2: 27 fsimplus(1.5707963267948966, 0.5235987755982988, 0, 0, 0) 58 66

Line 1030 differs:
  File1: 27 fsimplus(1.5337457232679728, 0.19537137288078776, 2.7968751991702, 0.8043966936799776, 352.9819396607069) 67 59
  File2: 27 fsimplus(1.5707963267948966, 0.5235987755982988, 0, 0, 0) 59 67

Line 1031 differs:
  File1: 27 fsimplus(1.5210404909664492, 0.19659620626415775, 0.5806885233210081, 1.685721546427834, -630.694268145276) 71 63
  File2: 27 fsimplus(1.5707963267948966, 0.5235987755982988, 0, 0, 0) 63 71

Line 1032 differs:
  File1: 27 fsimplus(1.5438863525304347, 0.13801735271361198, 1.546310422578992, 4.781330210234603, 530.4343724328345) 77 69
  File2: 27 fsimplus(1.5707963267948966, 0.5235987755982988, 0, 0, 0) 69 77

Line 1033 differs:
  File1: 27 fsimplus(1.534454403811332, 0.18354345726592225, 0.3044508799765593, 0.853774477762827, -961.3826890411073) 78 70
  File2: 27 fsimplus(1.5707963267948966, 0.5235987755982988, 0, 0, 0) 70 78

Line 1087 differs:
  File1: 29 fsimplus(1.5278535013211971, 0.11151795021458467, -2.1766053374228735, 3.1000008642291443, -513.3577655816188) 18 11
  File2: 29 fsimplus(1.5707963267948966, 0.5235987755982988, 0, 0, 0) 11 18

Line 1088 differs:
  File1: 29 fsimplus(1.5531121624663105, 0.18363930522426564, 3.950931487801105, 0.5332164631350784, 462.4250222910043) 26 19
  File2: 29 fsimplus(1.5707963267948966, 0.5235987755982988, 0, 0, 0) 19 26

Line 1089 differs:
  File1: 29 fsimplus(1.5709190706580292, 0.21180134827719568, 3.7833537148693352, 3.0210251237331245, 558.6932853775069) 32 25
  File2: 29 fsimplus(1.5707963267948966, 0.5235987755982988, 0, 0, 0) 25 32

Line 1090 differs:
  File1: 29 fsimplus(1.4900361111801879, 0.12160496297638149, -0.40140414504390204, 1.5654249617863667, -984.2082768446502) 34 27
  File2: 29 fsimplus(1.5707963267948966, 0.5235987755982988, 0, 0, 0) 27 34

Line 1091 differs:
  File1: 29 fsimplus(1.5234356309381858, 0.14480132922443714, 0.05768243135277495, 0.8795929706875367, 487.3163407149242) 35 28
  File2: 29 fsimplus(1.5707963267948966, 0.5235987755982988, 0, 0, 0) 28 35

Line 1092 differs:
  File1: 29 fsimplus(1.5690025055126056, 0.1588039003910756, -4.211778349778334, 18.761384069568113, 438.15674364817573) 40 33
  File2: 29 fsimplus(1.5707963267948966, 0.5235987755982988, 0, 0, 0) 33 40

Line 1093 differs:
  File1: 29 fsimplus(1.5262708285043902, 0.12889533375476828, 1.8282911101668708, 2.520791191025141, 385.61492670860406) 43 36
  File2: 29 fsimplus(1.5707963267948966, 0.5235987755982988, 0, 0, 0) 36 43

Line 1094 differs:
  File1: 29 fsimplus(1.5000888045052045, 6.325286385756063, -1.8942627376662067, -1.0894152716673522, -1102.5447287807544) 45 38
  File2: 29 fsimplus(1.5707963267948966, 0.5235987755982988, 0, 0, 0) 38 45

Line 1095 differs:
  File1: 29 fsimplus(1.5166626826087504, 0.18362331804371762, 3.395785819779469, -0.1612089838077514, -550.6572889247096) 46 39
  File2: 29 fsimplus(1.5707963267948966, 0.5235987755982988, 0, 0, 0) 39 46

Line 1096 differs:
  File1: 29 fsimplus(1.5147232276288598, 0.1657559559348471, -3.214101774568703, 4.955720955012547, -1026.171174638558) 48 41
  File2: 29 fsimplus(1.5707963267948966, 0.5235987755982988, 0, 0, 0) 41 48

Line 1097 differs:
  File1: 29 fsimplus(1.5688226398515772, 0.15083053299631016, 1.491168384732255, 7.846770779871771, 808.9993091170505) 51 44
  File2: 29 fsimplus(1.5707963267948966, 0.5235987755982988, 0, 0, 0) 44 51

Line 1098 differs:
  File1: 29 fsimplus(1.4864508267273526, 0.20685485089898015, -2.6162454597665845, 1.326087480568765, 587.56607426438) 54 47
  File2: 29 fsimplus(1.5707963267948966, 0.5235987755982988, 0, 0, 0) 47 54

Line 1099 differs:
  File1: 29 fsimplus(1.6511734327098777, 0.09992227004346986, 3.1329375344091144, -2.6656014438429105, 345.14888440041796) 57 50
  File2: 29 fsimplus(1.5707963267948966, 0.5235987755982988, 0, 0, 0) 50 57

Line 1100 differs:
  File1: 29 fsimplus(1.6259338898955298, 0.12998642143197317, 0.6636237030388062, 0.12834771935176134, 662.2967055934721) 62 55
  File2: 29 fsimplus(1.5707963267948966, 0.5235987755982988, 0, 0, 0) 55 62

Line 1101 differs:
  File1: 29 fsimplus(1.6651882823546544, 0.12698025195001958, 2.4922434620207734, -1.2366110082363109, 754.1874935076166) 63 56
  File2: 29 fsimplus(1.5707963267948966, 0.5235987755982988, 0, 0, 0) 56 63

Line 1102 differs:
  File1: 29 fsimplus(1.5870680448373233, 0.14778421732114602, 3.1893361315471735, 3.1860111443954886, -721.7265255040127) 65 58
  File2: 29 fsimplus(1.5707963267948966, 0.5235987755982988, 0, 0, 0) 58 65

Line 1103 differs:
  File1: 29 fsimplus(1.467686695984151, 0.1505223774378516, 3.1595584201419182, 1.2775730675103032, 185.86936913075118) 66 59
  File2: 29 fsimplus(1.5707963267948966, 0.5235987755982988, 0, 0, 0) 59 66

Line 1104 differs:
  File1: 29 fsimplus(1.521139566126501, 0.14021863701580534, 1.3605182824948496, 1.0203931077942023, 763.7919163642663) 71 64
  File2: 29 fsimplus(1.5707963267948966, 0.5235987755982988, 0, 0, 0) 64 71

Line 1105 differs:
  File1: 29 fsimplus(1.6191367637833147, 0.14008453878534644, 1.4118644601667583, -2.6140337825100577, 683.4076232322946) 74 67
  File2: 29 fsimplus(1.5707963267948966, 0.5235987755982988, 0, 0, 0) 67 74

Line 1106 differs:
  File1: 29 fsimplus(1.6160765679924072, 0.13374910573268503, -0.38374219188495057, -0.6116087791115327, 413.0989439215729) 77 70
  File2: 29 fsimplus(1.5707963267948966, 0.5235987755982988, 0, 0, 0) 70 77

Line 1107 differs:
  File1: 29 fsimplus(0.0005668938547013975, -0.032619750836490796, 0.042307424350188826, -0.037133053969347345, -1224.7082586243107) 79 72
  File2: 29 fsimplus(1.5707963267948966, 0.5235987755982988, 0, 0, 0) 72 79

Line 1161 differs:
  File1: 31 fsimplus(1.6120750859763333, 0.11916446441337923, 3.088461893859465, -1.0762002733416318, -1151.0188975755402) 19 12
  File2: 31 fsimplus(1.5707963267948966, 0.5235987755982988, 0, 0, 0) 12 19

Line 1162 differs:
  File1: 31 fsimplus(-0.006899958480421245, -0.0032898302509681903, 0.003819742315039824, -0.0049594250498427635, 664.074396837645) 25 18
  File2: 31 fsimplus(1.5707963267948966, 0.5235987755982988, 0, 0, 0) 18 25

Line 1163 differs:
  File1: 31 fsimplus(1.578106304580318, 0.10912766482814805, 3.7508317877176895, -0.08171714041974495, 904.3312050340602) 27 20
  File2: 31 fsimplus(1.5707963267948966, 0.5235987755982988, 0, 0, 0) 20 27

Line 1164 differs:
  File1: 31 fsimplus(1.5033512337072046, -6.122746850958034, 0.6689770234916688, 2.5224721952211233, -380.176441837889) 33 26
  File2: 31 fsimplus(1.5707963267948966, 0.5235987755982988, 0, 0, 0) 26 33

Line 1165 differs:
  File1: 31 fsimplus(1.6765892936503888, -0.07722121070506241, -0.7501436870555455, 3.0135518656174534, -293.1744375182006) 36 29
  File2: 31 fsimplus(1.5707963267948966, 0.5235987755982988, 0, 0, 0) 29 36

Line 1166 differs:
  File1: 31 fsimplus(1.5535845633211427, 0.2551479585816817, 1.1515297438109322, 0.8034637528773343, 720.0559772295891) 38 31
  File2: 31 fsimplus(1.5707963267948966, 0.5235987755982988, 0, 0, 0) 31 38

Line 1167 differs:
  File1: 31 fsimplus(1.5495820138082381, 0.21478568341562196, -0.27178517290327964, -0.5520241307588011, 690.2028605093417) 39 32
  File2: 31 fsimplus(1.5707963267948966, 0.5235987755982988, 0, 0, 0) 32 39

Line 1168 differs:
  File1: 31 fsimplus(1.5150620340962333, 0.16645577154633, 0.09839484057676263, -0.9179277248744068, 805.9320378643731) 41 34
  File2: 31 fsimplus(1.5707963267948966, 0.5235987755982988, 0, 0, 0) 34 41

Line 1169 differs:
  File1: 31 fsimplus(1.632931585571834, 0.18137630148081518, 1.6071395197695935, 1.8651427926657058, -663.3036124641268) 42 35
  File2: 31 fsimplus(1.5707963267948966, 0.5235987755982988, 0, 0, 0) 35 42

Line 1170 differs:
  File1: 31 fsimplus(1.524041951767269, 0.16720705392671842, 0.21313447069314592, -0.0563715042282891, -913.557728574797) 44 37
  File2: 31 fsimplus(1.5707963267948966, 0.5235987755982988, 0, 0, 0) 37 44

Line 1171 differs:
  File1: 31 fsimplus(1.5221377122687567, 0.1506304035757886, 3.8110860400651294, 0.07564013767287131, 205.67935104077577) 47 40
  File2: 31 fsimplus(1.5707963267948966, 0.5235987755982988, 0, 0, 0) 40 47

Line 1172 differs:
  File1: 31 fsimplus(1.6167908584192552, 0.19084164186228406, 4.139572214373988, 8.426885556648855, -336.38209398353484) 50 43
  File2: 31 fsimplus(1.5707963267948966, 0.5235987755982988, 0, 0, 0) 43 50

Line 1173 differs:
  File1: 31 fsimplus(1.6190774990785346, 0.13947574484584227, 0.7514234402797888, 3.9121753939243877, -441.5656091512893) 53 46
  File2: 31 fsimplus(1.5707963267948966, 0.5235987755982988, 0, 0, 0) 46 53

Line 1174 differs:
  File1: 31 fsimplus(1.6004705901156622, 0.15242184192564912, -1.0435707770953013, 2.1967979847300367, 611.6310490783093) 55 48
  File2: 31 fsimplus(1.5707963267948966, 0.5235987755982988, 0, 0, 0) 48 55

Line 1175 differs:
  File1: 31 fsimplus(1.6166569801166977, 0.16268449704531937, 2.240653109895771, 1.0149786732553598, 997.5844847535013) 58 51
  File2: 31 fsimplus(1.5707963267948966, 0.5235987755982988, 0, 0, 0) 51 58

Line 1176 differs:
  File1: 31 fsimplus(1.6738150257436675, 0.20067694025386443, 1.2407345187311052, -2.724901667929832, -1032.5718764830985) 61 54
  File2: 31 fsimplus(1.5707963267948966, 0.5235987755982988, 0, 0, 0) 54 61

Line 1177 differs:
  File1: 31 fsimplus(1.5606064120184027, 0.14861718501286278, 3.337748102915106, -1.4250405936271378, -659.6289762686725) 64 57
  File2: 31 fsimplus(1.5707963267948966, 0.5235987755982988, 0, 0, 0) 57 64

Line 1178 differs:
  File1: 31 fsimplus(1.6766832255794075, 0.12902856466695187, -0.38248755299690107, 1.9970357466835233, -670.8395533321167) 69 62
  File2: 31 fsimplus(1.5707963267948966, 0.5235987755982988, 0, 0, 0) 62 69

Line 1179 differs:
  File1: 31 fsimplus(1.624758241788708, 0.14865154721404286, 1.3322522609107659, 0.7514592158135812, -767.4165927186484) 70 63
  File2: 31 fsimplus(1.5707963267948966, 0.5235987755982988, 0, 0, 0) 63 70

Line 1180 differs:
  File1: 31 fsimplus(1.5159852704906789, 0.1888610064554085, 0.25377089369305417, 2.427070205309697, 757.0463823374118) 72 65
  File2: 31 fsimplus(1.5707963267948966, 0.5235987755982988, 0, 0, 0) 65 72

Line 1181 differs:
  File1: 31 fsimplus(1.6411567672670497, 6.338629293639052, 1.3096415558068273, -5.865792953098693, -1142.381204951554) 78 71
  File2: 31 fsimplus(1.5707963267948966, 0.5235987755982988, 0, 0, 0) 71 78

Line 1235 differs:
  File1: 33 fsimplus(1.5278535013211971, 0.11151795021458467, -2.1766053374228735, 3.1000008642291443, -582.1586446952352) 18 11
  File2: 33 fsimplus(1.5707963267948966, 0.5235987755982988, 0, 0, 0) 11 18

Line 1236 differs:
  File1: 33 fsimplus(1.5531121624663105, 0.18363930522426564, 3.950931487801105, 0.5332164631350784, 523.887140965835) 26 19
  File2: 33 fsimplus(1.5707963267948966, 0.5235987755982988, 0, 0, 0) 19 26

Line 1237 differs:
  File1: 33 fsimplus(1.5709190706580292, 0.21180134827719568, 3.7833537148693352, 3.0210251237331245, 632.9982348202126) 32 25
  File2: 33 fsimplus(1.5707963267948966, 0.5235987755982988, 0, 0, 0) 25 32

Line 1238 differs:
  File1: 33 fsimplus(1.4900361111801879, 0.12160496297638149, -0.40140414504390204, 1.5654249617863667, -1115.3886196879453) 34 27
  File2: 33 fsimplus(1.5707963267948966, 0.5235987755982988, 0, 0, 0) 27 34

Line 1239 differs:
  File1: 33 fsimplus(1.5234356309381858, 0.14480132922443714, 0.05768243135277495, 0.8795929706875367, 552.4478396091478) 35 28
  File2: 33 fsimplus(1.5707963267948966, 0.5235987755982988, 0, 0, 0) 28 35

Line 1240 differs:
  File1: 33 fsimplus(1.5690025055126056, 0.1588039003910756, -4.211778349778334, 18.761384069568113, 496.8668271584617) 40 33
  File2: 33 fsimplus(1.5707963267948966, 0.5235987755982988, 0, 0, 0) 33 40

Line 1241 differs:
  File1: 33 fsimplus(1.5262708285043902, 0.12889533375476828, 1.8282911101668708, 2.520791191025141, 436.9862497801044) 43 36
  File2: 33 fsimplus(1.5707963267948966, 0.5235987755982988, 0, 0, 0) 36 43

Line 1242 differs:
  File1: 33 fsimplus(1.5000888045052045, 6.325286385756063, -1.8942627376662067, -1.0894152716673522, -1249.3199375564695) 45 38
  File2: 33 fsimplus(1.5707963267948966, 0.5235987755982988, 0, 0, 0) 38 45

Line 1243 differs:
  File1: 33 fsimplus(1.5166626826087504, 0.18362331804371762, 3.395785819779469, -0.1612089838077514, -624.1232117261293) 46 39
  File2: 33 fsimplus(1.5707963267948966, 0.5235987755982988, 0, 0, 0) 39 46

Line 1244 differs:
  File1: 33 fsimplus(1.5147232276288598, 0.1657559559348471, -3.214101774568703, 4.955720955012547, -1163.3096272825342) 48 41
  File2: 33 fsimplus(1.5707963267948966, 0.5235987755982988, 0, 0, 0) 41 48

Line 1245 differs:
  File1: 33 fsimplus(1.5688226398515772, 0.15083053299631016, 1.491168384732255, 7.846770779871771, 917.2460255891405) 51 44
  File2: 33 fsimplus(1.5707963267948966, 0.5235987755982988, 0, 0, 0) 44 51

Line 1246 differs:
  File1: 33 fsimplus(1.4864508267273526, 0.20685485089898015, -2.6162454597665845, 1.326087480568765, 665.5404039264786) 54 47
  File2: 33 fsimplus(1.5707963267948966, 0.5235987755982988, 0, 0, 0) 47 54

Line 1247 differs:
  File1: 33 fsimplus(1.6511734327098777, 0.09992227004346986, 3.1329375344091144, -2.6656014438429105, 391.0161371428289) 57 50
  File2: 33 fsimplus(1.5707963267948966, 0.5235987755982988, 0, 0, 0) 50 57

Line 1248 differs:
  File1: 33 fsimplus(1.6259338898955298, 0.12998642143197317, 0.6636237030388062, 0.12834771935176134, 750.1324945951891) 62 55
  File2: 33 fsimplus(1.5707963267948966, 0.5235987755982988, 0, 0, 0) 55 62

Line 1249 differs:
  File1: 33 fsimplus(1.6651882823546544, 0.12698025195001958, 2.4922434620207734, -1.2366110082363109, 854.6367770134966) 63 56
  File2: 33 fsimplus(1.5707963267948966, 0.5235987755982988, 0, 0, 0) 56 63

Line 1250 differs:
  File1: 33 fsimplus(1.5870680448373233, 0.14778421732114602, 3.1893361315471735, 3.1860111443954886, -818.0477562630756) 65 58
  File2: 33 fsimplus(1.5707963267948966, 0.5235987755982988, 0, 0, 0) 58 65

Line 1251 differs:
  File1: 33 fsimplus(1.467686695984151, 0.1505223774378516, 3.1595584201419182, 1.2775730675103032, 210.63768561165313) 66 59
  File2: 33 fsimplus(1.5707963267948966, 0.5235987755982988, 0, 0, 0) 59 66

Line 1252 differs:
  File1: 33 fsimplus(1.521139566126501, 0.14021863701580534, 1.3605182824948496, 1.0203931077942023, 865.6172174524186) 71 64
  File2: 33 fsimplus(1.5707963267948966, 0.5235987755982988, 0, 0, 0) 64 71

Line 1253 differs:
  File1: 33 fsimplus(1.6191367637833147, 0.14008453878534644, 1.4118644601667583, -2.6140337825100577, 774.2247836622682) 74 67
  File2: 33 fsimplus(1.5707963267948966, 0.5235987755982988, 0, 0, 0) 67 74

Line 1254 differs:
  File1: 33 fsimplus(1.6160765679924072, 0.13374910573268503, -0.38374219188495057, -0.6116087791115327, 468.1396472124661) 77 70
  File2: 33 fsimplus(1.5707963267948966, 0.5235987755982988, 0, 0, 0) 70 77

Line 1255 differs:
  File1: 33 fsimplus(0.0005668938547013975, -0.032619750836490796, 0.042307424350188826, -0.037133053969347345, -1388.913023442142) 79 72
  File2: 33 fsimplus(1.5707963267948966, 0.5235987755982988, 0, 0, 0) 72 79

Line 1309 differs:
  File1: 35 fsimplus(1.6120750859763333, 0.11916446441337923, 3.088461893859465, -1.0762002733416318, -1295.0420711867107) 19 12
  File2: 35 fsimplus(1.5707963267948966, 0.5235987755982988, 0, 0, 0) 12 19

Line 1310 differs:
  File1: 35 fsimplus(-0.006899958480421245, -0.0032898302509681903, 0.003819742315039824, -0.0049594250498427635, 746.6354517739848) 25 18
  File2: 35 fsimplus(1.5707963267948966, 0.5235987755982988, 0, 0, 0) 18 25

Line 1311 differs:
  File1: 35 fsimplus(1.578106304580318, 0.10912766482814805, 3.7508317877176895, -0.08171714041974495, 1017.1646467803912) 27 20
  File2: 35 fsimplus(1.5707963267948966, 0.5235987755982988, 0, 0, 0) 20 27

Line 1312 differs:
  File1: 35 fsimplus(1.5033512337072046, -6.122746850958034, 0.6689770234916688, 2.5224721952211233, -427.87838468999644) 33 26
  File2: 35 fsimplus(1.5707963267948966, 0.5235987755982988, 0, 0, 0) 26 33

Line 1313 differs:
  File1: 35 fsimplus(1.6765892936503888, -0.07722121070506241, -0.7501436870555455, 3.0135518656174534, -329.8682397121294) 36 29
  File2: 35 fsimplus(1.5707963267948966, 0.5235987755982988, 0, 0, 0) 29 36

Line 1314 differs:
  File1: 35 fsimplus(1.5535845633211427, 0.2551479585816817, 1.1515297438109322, 0.8034637528773343, 809.9557926047146) 38 31
  File2: 35 fsimplus(1.5707963267948966, 0.5235987755982988, 0, 0, 0) 31 38

Line 1315 differs:
  File1: 35 fsimplus(1.5495820138082381, 0.21478568341562196, -0.27178517290327964, -0.5520241307588011, 776.5116140786364) 39 32
  File2: 35 fsimplus(1.5707963267948966, 0.5235987755982988, 0, 0, 0) 32 39

Line 1316 differs:
  File1: 35 fsimplus(1.5150620340962333, 0.16645577154633, 0.09839484057676263, -0.9179277248744068, 906.3766883144203) 41 34
  File2: 35 fsimplus(1.5707963267948966, 0.5235987755982988, 0, 0, 0) 34 41

Line 1317 differs:
  File1: 35 fsimplus(1.632931585571834, 0.18137630148081518, 1.6071395197695935, 1.8651427926657058, -745.8646674004665) 42 35
  File2: 35 fsimplus(1.5707963267948966, 0.5235987755982988, 0, 0, 0) 35 42

Line 1318 differs:
  File1: 35 fsimplus(1.524041951767269, 0.16720705392671842, 0.21313447069314592, -0.0563715042282891, -1028.2258604308245) 44 37
  File2: 35 fsimplus(1.5707963267948966, 0.5235987755982988, 0, 0, 0) 37 44

Line 1319 differs:
  File1: 35 fsimplus(1.5221377122687567, 0.1506304035757886, 3.8110860400651294, 0.07564013767287131, 231.36501257652594) 47 40
  File2: 35 fsimplus(1.5707963267948966, 0.5235987755982988, 0, 0, 0) 40 47

Line 1320 differs:
  File1: 35 fsimplus(1.6167908584192552, 0.19084164186228406, 4.139572214373988, 8.426885556648855, -378.5799665065529) 50 43
  File2: 35 fsimplus(1.5707963267948966, 0.5235987755982988, 0, 0, 0) 43 50

Line 1321 differs:
  File1: 35 fsimplus(1.6190774990785346, 0.13947574484584227, 0.7514234402797888, 3.9121753939243877, -496.6063124421824) 53 46
  File2: 35 fsimplus(1.5707963267948966, 0.5235987755982988, 0, 0, 0) 46 53

Line 1322 differs:
  File1: 35 fsimplus(1.6004705901156622, 0.15242184192564912, -1.0435707770953013, 2.1967979847300367, 687.7706886307114) 55 48
  File2: 35 fsimplus(1.5707963267948966, 0.5235987755982988, 0, 0, 0) 48 55

Line 1323 differs:
  File1: 35 fsimplus(1.6166569801166977, 0.16268449704531937, 2.240653109895771, 1.0149786732553598, 1122.3434122128592) 58 51
  File2: 35 fsimplus(1.5707963267948966, 0.5235987755982988, 0, 0, 0) 51 58

Line 1324 differs:
  File1: 35 fsimplus(1.6738150257436675, 0.20067694025386443, 1.2407345187311052, -2.724901667929832, -1161.9175292166976) 61 54
  File2: 35 fsimplus(1.5707963267948966, 0.5235987755982988, 0, 0, 0) 54 61

Line 1325 differs:
  File1: 35 fsimplus(1.5606064120184027, 0.14861718501286278, 3.337748102915106, -1.4250405936271378, -742.1900312050122) 64 57
  File2: 35 fsimplus(1.5707963267948966, 0.5235987755982988, 0, 0, 0) 57 64

Line 1326 differs:
  File1: 35 fsimplus(1.6766832255794075, 0.12902856466695187, -0.38248755299690107, 1.9970357466835233, -755.0059621144408) 69 62
  File2: 35 fsimplus(1.5707963267948966, 0.5235987755982988, 0, 0, 0) 62 69

Line 1327 differs:
  File1: 35 fsimplus(1.624758241788708, 0.14865154721404286, 1.3322522609107659, 0.7514592158135812, -863.2791509502874) 70 63
  File2: 35 fsimplus(1.5707963267948966, 0.5235987755982988, 0, 0, 0) 63 70

Line 1328 differs:
  File1: 35 fsimplus(1.5159852704906789, 0.1888610064554085, 0.25377089369305417, 2.427070205309697, 851.5329229867784) 72 65
  File2: 35 fsimplus(1.5707963267948966, 0.5235987755982988, 0, 0, 0) 65 72

Line 1329 differs:
  File1: 35 fsimplus(1.6411567672670497, 6.338629293639052, 1.3096415558068273, -5.865792953098693, -1285.4870335078765) 78 71
  File2: 35 fsimplus(1.5707963267948966, 0.5235987755982988, 0, 0, 0) 71 78

Line 1383 differs:
  File1: 37 fsimplus(1.6017240526487753, 0.14667806471393785, -0.4398762548413339, 1.9261015321310389, 348.6165370848156) 25 17
  File2: 37 fsimplus(1.5707963267948966, 0.5235987755982988, 0, 0, 0) 17 25

Line 1384 differs:
  File1: 37 fsimplus(1.5531585755590132, 0.18897982377505623, -3.217189150123622, 0.2145859825825397, 960.845961092635) 26 18
  File2: 37 fsimplus(1.5707963267948966, 0.5235987755982988, 0, 0, 0) 18 26

Line 1385 differs:
  File1: 37 fsimplus(1.6145778291705837, 0.17390037364565972, -1.3741215850310304, 5.286416638011127, 1133.7054999111) 27 19
  File2: 37 fsimplus(1.5707963267948966, 0.5235987755982988, 0, 0, 0) 19 27

Line 1386 differs:
  File1: 37 fsimplus(1.5408637047522231, 0.19197496630633007, 1.386719970492691, 0.7385546954251792, 690.2445095406633) 28 20
  File2: 37 fsimplus(1.5707963267948966, 0.5235987755982988, 0, 0, 0) 20 28

Line 1387 differs:
  File1: 37 fsimplus(1.5063963703659986, 6.393412828458584, 1.291409863932367, -2.4770192136811726, -429.37496599922093) 40 32
  File2: 37 fsimplus(1.5707963267948966, 0.5235987755982988, 0, 0, 0) 32 40

Line 1388 differs:
  File1: 37 fsimplus(1.5246930910022933, 0.17829805988072592, -1.0986557769161083, 3.67057701188262, 709.4349131050777) 41 33
  File2: 37 fsimplus(1.5707963267948966, 0.5235987755982988, 0, 0, 0) 33 41

Line 1389 differs:
  File1: 37 fsimplus(1.6306085977892364, 0.15538864365526672, -3.1565244083491732, -0.2783240475185382, 699.564718973452) 42 34
  File2: 37 fsimplus(1.5707963267948966, 0.5235987755982988, 0, 0, 0) 34 42

Line 1390 differs:
  File1: 37 fsimplus(1.5357160503300151, 0.1564642807253738, 0.22466768792201408, 0.159415343363965, -1036.924151686421) 43 35
  File2: 37 fsimplus(1.5707963267948966, 0.5235987755982988, 0, 0, 0) 35 43

Line 1391 differs:
  File1: 37 fsimplus(0.0025940794571831013, -0.00349135389888416, -1.351101055605882, 1.317944592909587, -1124.0388270326964) 44 36
  File2: 37 fsimplus(1.5707963267948966, 0.5235987755982988, 0, 0, 0) 36 44

Line 1392 differs:
  File1: 37 fsimplus(1.4735823746830525, 0.20095958071498587, -1.3528339257917863, 1.263142999767304, 454.03943768252185) 53 45
  File2: 37 fsimplus(1.5707963267948966, 0.5235987755982988, 0, 0, 0) 45 53

Line 1393 differs:
  File1: 37 fsimplus(1.6316137700298223, 0.18150797933820273, -1.090202613096634, 0.9656540432283978, 436.3945104364336) 54 46
  File2: 37 fsimplus(1.5707963267948966, 0.5235987755982988, 0, 0, 0) 46 54

Line 1394 differs:
  File1: 37 fsimplus(1.5913366853117483, 0.1558711171924429, 0.2568799957339146, 1.210461446226561, 917.4933400646396) 56 48
  File2: 37 fsimplus(1.5707963267948966, 0.5235987755982988, 0, 0, 0) 48 56

Line 1395 differs:
  File1: 37 fsimplus(1.4917444833643243, 0.18061200284926565, -0.7788250954000837, 1.0836502494721123, 993.4504311049691) 58 50
  File2: 37 fsimplus(1.5707963267948966, 0.5235987755982988, 0, 0, 0) 50 58

Line 1396 differs:
  File1: 37 fsimplus(1.5974082069402498, 0.14683404844966463, 0.32819197987657256, -0.1302637501530639, -417.51847331894083) 59 51
  File2: 37 fsimplus(1.5707963267948966, 0.5235987755982988, 0, 0, 0) 51 59

Line 1397 differs:
  File1: 37 fsimplus(1.518236310016791, 0.14170083723616908, -1.6953469230502565, 2.3072240568759312, 1145.8876535649683) 63 55
  File2: 37 fsimplus(1.5707963267948966, 0.5235987755982988, 0, 0, 0) 55 63

Line 1398 differs:
  File1: 37 fsimplus(1.501595887625406, 0.12170275475969809, 3.255775777668889, 0.35880105305229903, -148.21652435905597) 69 61
  File2: 37 fsimplus(1.5707963267948966, 0.5235987755982988, 0, 0, 0) 61 69

Line 1399 differs:
  File1: 37 fsimplus(1.5809147926780212, 0.16525210330680992, -0.8446747793687615, 1.012418472166436, -599.572486887433) 70 62
  File2: 37 fsimplus(1.5707963267948966, 0.5235987755982988, 0, 0, 0) 62 70

Line 1400 differs:
  File1: 37 fsimplus(1.6424100106553634, 0.17551876776923966, -2.8420012108339026, 1.9843689564688334, 1322.6557555382474) 72 64
  File2: 37 fsimplus(1.5707963267948966, 0.5235987755982988, 0, 0, 0) 64 72

Line 1401 differs:
  File1: 37 fsimplus(1.6300847087695813, 0.15024307926444075, -0.2124408933309762, -0.362447887553253, 1110.1699632669333) 74 66
  File2: 37 fsimplus(1.5707963267948966, 0.5235987755982988, 0, 0, 0) 66 74

Line 1402 differs:
  File1: 37 fsimplus(1.6413623062759286, 0.21375929439770588, 1.1727554763600971, -3.2877425674463, -1200.4982575442184) 79 71
  File2: 37 fsimplus(1.5707963267948966, 0.5235987755982988, 0, 0, 0) 71 79

Line 1456 differs:
  File1: 39 fsimplus(1.5209647574800056, 0.14342174003687944, 0.19632525686699134, -0.2665924948477698, -290.1993632030463) 19 11
  File2: 39 fsimplus(1.5707963267948966, 0.5235987755982988, 0, 0, 0) 11 19

Line 1457 differs:
  File1: 39 fsimplus(1.6392611356346756, 0.19141224571848994, 1.5297335268490482, 0.5709062386682199, -1375.6154125504145) 20 12
  File2: 39 fsimplus(1.5707963267948966, 0.5235987755982988, 0, 0, 0) 12 20

Line 1458 differs:
  File1: 39 fsimplus(1.606609700082454, 0.2051196526912861, -0.864626036426472, 2.094423840086801, -292.7208669408954) 33 25
  File2: 39 fsimplus(1.5707963267948966, 0.5235987755982988, 0, 0, 0) 25 33

Line 1459 differs:
  File1: 39 fsimplus(1.594888335558269, 0.17289102938810194, 1.4405751641060276, -3.5347561991014995, -731.6656831879039) 34 26
  File2: 39 fsimplus(1.5707963267948966, 0.5235987755982988, 0, 0, 0) 26 34

Line 1460 differs:
  File1: 39 fsimplus(1.4763564497482045, 0.25922139925587795, 1.7559590351820904, 0.8411094656202094, 247.28668997065887) 35 27
  File2: 39 fsimplus(1.5707963267948966, 0.5235987755982988, 0, 0, 0) 27 35

Line 1461 differs:
  File1: 39 fsimplus(1.482100202262001, 0.06845569012937877, -2.5146187156740667, 1.9916772461219154, -951.1860793698825) 36 28
  File2: 39 fsimplus(1.5707963267948966, 0.5235987755982988, 0, 0, 0) 28 36

Line 1462 differs:
  File1: 39 fsimplus(1.4260053121030516, -0.2906399672887316, 2.746138537938476, 2.1860859944493645, -413.42735679734267) 37 29
  File2: 39 fsimplus(1.5707963267948966, 0.5235987755982988, 0, 0, 0) 29 37

Line 1463 differs:
  File1: 39 fsimplus(1.6023723700447365, 0.10777769376978247, -4.585059966973687, 6.070996089599565, -441.9368726402147) 46 38
  File2: 39 fsimplus(1.5707963267948966, 0.5235987755982988, 0, 0, 0) 38 46

Line 1464 differs:
  File1: 39 fsimplus(1.5146414339661753, 0.17812216265997008, -2.1039185586402724, 1.304961603461524, -1208.7457408057735) 48 40
  File2: 39 fsimplus(1.5707963267948966, 0.5235987755982988, 0, 0, 0) 40 48

Line 1465 differs:
  File1: 39 fsimplus(1.4644250143246684, 6.405307556878569, 1.9761847763385982, -3.321480721210398, -689.344916651727) 50 42
  File2: 39 fsimplus(1.5707963267948966, 0.5235987755982988, 0, 0, 0) 42 50

Line 1466 differs:
  File1: 39 fsimplus(1.6696630411349949, 0.15217907958130267, 0.5035873018188195, -1.7455629070030667, -621.6859961000528) 51 43
  File2: 39 fsimplus(1.5707963267948966, 0.5235987755982988, 0, 0, 0) 43 51

Line 1467 differs:
  File1: 39 fsimplus(1.5889691084038247, 0.12218328076516591, -1.7911665272429165, 9.615698259565486, -708.2213872523498) 55 47
  File2: 39 fsimplus(1.5707963267948966, 0.5235987755982988, 0, 0, 0) 47 55

Line 1468 differs:
  File1: 39 fsimplus(1.512740450439378, 6.426498949622999, 1.5579319870823514, -0.2156815217334324, -286.6386687569584) 61 53
  File2: 39 fsimplus(1.5707963267948966, 0.5235987755982988, 0, 0, 0) 53 61

Line 1469 differs:
  File1: 39 fsimplus(1.5381324526898885, 0.1938637412474655, 0.15307229854970011, 2.583511275654107, -607.6276569329627) 62 54
  File2: 39 fsimplus(1.5707963267948966, 0.5235987755982988, 0, 0, 0) 54 62

Line 1470 differs:
  File1: 39 fsimplus(1.5311539799702192, 0.1391898314476297, -2.763585260599433, 1.787013777159948, -915.2751277468349) 64 56
  File2: 39 fsimplus(1.5707963267948966, 0.5235987755982988, 0, 0, 0) 56 64

Line 1471 differs:
  File1: 39 fsimplus(1.6002257110471578, 0.21814435528489431, -0.3048946417226077, 3.9792724625862133, -376.5690813344858) 65 57
  File2: 39 fsimplus(1.5707963267948966, 0.5235987755982988, 0, 0, 0) 57 65

Line 1472 differs:
  File1: 39 fsimplus(1.6067110165578595, 0.1588802142137154, -1.675664669249564, 0.8340356334835107, -1441.8284691493125) 66 58
  File2: 39 fsimplus(1.5707963267948966, 0.5235987755982988, 0, 0, 0) 58 66

Line 1473 differs:
  File1: 39 fsimplus(1.5337457232679728, 0.19537137288078776, 2.7968751991702, 0.8043966936799776, 504.34387371066305) 67 59
  File2: 39 fsimplus(1.5707963267948966, 0.5235987755982988, 0, 0, 0) 59 67

Line 1474 differs:
  File1: 39 fsimplus(1.5210404909664492, 0.19659620626415775, 0.5806885233210081, 1.685721546427834, -901.7697318529248) 71 63
  File2: 39 fsimplus(1.5707963267948966, 0.5235987755982988, 0, 0, 0) 63 71

Line 1475 differs:
  File1: 39 fsimplus(1.5438863525304347, 0.13801735271361198, 1.546310422578992, 4.781330210234603, 758.853291090041) 77 69
  File2: 39 fsimplus(1.5707963267948966, 0.5235987755982988, 0, 0, 0) 69 77

Line 1476 differs:
  File1: 39 fsimplus(1.534454403811332, 0.18354345726592225, 0.3044508799765593, 0.853774477762827, -1374.187963722806) 78 70
  File2: 39 fsimplus(1.5707963267948966, 0.5235987755982988, 0, 0, 0) 70 78
